3.803946971893310547e-01
5.541401505470275879e-01
4.626680910587310791e-01
4.290922880172729492e-01
5.656409263610839844e-01
5.073997378349304199e-01
5.190333724021911621e-01
5.291947126388549805e-01
4.556729197502136230e-01
4.221873283386230469e-01
2.986112236976623535e-01
3.471142649650573730e-01
4.802400767803192139e-01
6.451627612113952637e-01
4.322629570960998535e-01
5.055029988288879395e-01
6.007115244865417480e-01
2.589716315269470215e-01
3.793538212776184082e-01
4.033468067646026611e-01
4.220850765705108643e-01
4.679219722747802734e-01
4.540795981884002686e-01
3.591620922088623047e-01
6.368572115898132324e-01
4.766338467597961426e-01
4.464413821697235107e-01
4.160054326057434082e-01
4.469278156757354736e-01
4.082746207714080811e-01
3.896199166774749756e-01
3.951368033885955811e-01
4.559600949287414551e-01
4.639270901679992676e-01
7.659131884574890137e-01
5.096529126167297363e-01
4.437799155712127686e-01
3.960185050964355469e-01
3.962263464927673340e-01
5.609286427497863770e-01
4.017168581485748291e-01
4.943323731422424316e-01
3.923672139644622803e-01
4.546198844909667969e-01
3.699818849563598633e-01
5.277771353721618652e-01
4.387142062187194824e-01
5.497615337371826172e-01
3.889316618442535400e-01
4.651391804218292236e-01
4.515321254730224609e-01
4.594745635986328125e-01
5.443942546844482422e-01
4.839055240154266357e-01
5.918930768966674805e-01
4.721444547176361084e-01
4.596437811851501465e-01
4.353344142436981201e-01
5.280743241310119629e-01
4.601254761219024658e-01
4.368044137954711914e-01
3.574556112289428711e-01
5.584384202957153320e-01
4.117454588413238525e-01
3.645206093788146973e-01
7.792313098907470703e-01
4.259468317031860352e-01
4.145145416259765625e-01
3.768859505653381348e-01
3.843797445297241211e-01
4.404773712158203125e-01
4.004647135734558105e-01
4.328116178512573242e-01
4.544383585453033447e-01
5.005421042442321777e-01
3.978378772735595703e-01
4.128286540508270264e-01
5.068492293357849121e-01
4.562671482563018799e-01
4.499846994876861572e-01
3.211256265640258789e-01
5.085473060607910156e-01
7.425026893615722656e-01
4.124645292758941650e-01
4.499618113040924072e-01
6.104391813278198242e-01
4.997145235538482666e-01
4.842036068439483643e-01
6.223619580268859863e-01
5.589270591735839844e-01
4.429361522197723389e-01
3.861591815948486328e-01
4.428255558013916016e-01
4.671132266521453857e-01
3.601307868957519531e-01
5.568149089813232422e-01
4.782808125019073486e-01
5.170799493789672852e-01
3.852483332157135010e-01
4.838568270206451416e-01
3.078159689903259277e-01
5.020917057991027832e-01
4.210297465324401855e-01
5.096805095672607422e-01
5.139229297637939453e-01
3.884099423885345459e-01
4.656792581081390381e-01
4.085209965705871582e-01
4.793532192707061768e-01
4.187056422233581543e-01
5.950334072113037109e-01
5.095238685607910156e-01
3.080398142337799072e-01
3.570560514926910400e-01
5.768646001815795898e-01
4.157517552375793457e-01
3.680742681026458740e-01
4.453935325145721436e-01
3.364295065402984619e-01
5.444512367248535156e-01
4.840275645256042480e-01
3.966664671897888184e-01
3.743648231029510498e-01
6.205224990844726562e-01
4.082517325878143311e-01
3.766832649707794189e-01
2.900541126728057861e-01
4.257674217224121094e-01
5.494407415390014648e-01
5.641475319862365723e-01
4.953611791133880615e-01
4.490058720111846924e-01
4.174787104129791260e-01
6.495311260223388672e-01
5.758184194564819336e-01
6.167554259300231934e-01
3.667898476123809814e-01
4.226804375648498535e-01
5.123201608657836914e-01
6.075741648674011230e-01
5.673869252204895020e-01
3.110223412513732910e-01
3.594942688941955566e-01
4.840197563171386719e-01
3.533536493778228760e-01
4.686805605888366699e-01
4.205491840839385986e-01
4.644637107849121094e-01
3.464937508106231689e-01
7.652738094329833984e-01
5.838919878005981445e-01
3.572356700897216797e-01
6.137001514434814453e-01
4.347206354141235352e-01
4.411545991897583008e-01
6.056146621704101562e-01
4.507066309452056885e-01
5.481812953948974609e-01
5.744205117225646973e-01
4.135988950729370117e-01
4.759173989295959473e-01
3.437951505184173584e-01
5.394359230995178223e-01
4.916357696056365967e-01
4.084315896034240723e-01
4.387107491493225098e-01
5.661898255348205566e-01
5.995868444442749023e-01
4.186902642250061035e-01
2.793194651603698730e-01
5.792290568351745605e-01
4.955481588840484619e-01
4.633268713951110840e-01
5.551992654800415039e-01
5.332850813865661621e-01
3.664151728153228760e-01
5.382029414176940918e-01
3.568860590457916260e-01
4.818493127822875977e-01
6.090249419212341309e-01
3.562027215957641602e-01
3.645078241825103760e-01
6.347518563270568848e-01
6.929929256439208984e-01
3.698852062225341797e-01
4.240495264530181885e-01
4.578872621059417725e-01
4.349053800106048584e-01
3.613532781600952148e-01
5.537365674972534180e-01
4.032788276672363281e-01
3.703500032424926758e-01
5.031630396842956543e-01
4.913205802440643311e-01
3.729946017265319824e-01
4.969095885753631592e-01
4.144363403320312500e-01
4.027311503887176514e-01
5.872110724449157715e-01
2.335643023252487183e-01
5.696189403533935547e-01
5.186452865600585938e-01
3.957240879535675049e-01
5.163081884384155273e-01
3.365995883941650391e-01
5.946955680847167969e-01
3.000657558441162109e-01
4.934872686862945557e-01
4.588836431503295898e-01
4.580285549163818359e-01
4.440700113773345947e-01
3.648562431335449219e-01
5.661529898643493652e-01
3.721967339515686035e-01
3.929777443408966064e-01
4.278583526611328125e-01
4.749515354633331299e-01
2.687420248985290527e-01
4.076301753520965576e-01
3.821852803230285645e-01
2.946510612964630127e-01
4.023407101631164551e-01
4.773327708244323730e-01
5.748551487922668457e-01
3.879968225955963135e-01
4.673314690589904785e-01
4.591273963451385498e-01
5.751692056655883789e-01
5.662926435470581055e-01
5.156839489936828613e-01
4.191533327102661133e-01
4.367146492004394531e-01
5.058770179748535156e-01
2.911360859870910645e-01
4.556929469108581543e-01
4.226612150669097900e-01
5.623989105224609375e-01
6.006016731262207031e-01
4.769091308116912842e-01
4.995736181735992432e-01
4.460967779159545898e-01
4.193598628044128418e-01
4.487051963806152344e-01
7.103880047798156738e-01
3.912385404109954834e-01
5.288793444633483887e-01
5.717006325721740723e-01
5.146285295486450195e-01
4.634597301483154297e-01
4.208370447158813477e-01
5.350481271743774414e-01
3.657605051994323730e-01
5.145838856697082520e-01
4.484034478664398193e-01
4.017477929592132568e-01
4.003468751907348633e-01
4.537709355354309082e-01
6.170120835304260254e-01
4.740536808967590332e-01
4.246421754360198975e-01
5.049915909767150879e-01
5.341476798057556152e-01
4.208137094974517822e-01
2.880471348762512207e-01
4.548569619655609131e-01
5.338625907897949219e-01
4.258730709552764893e-01
6.656994819641113281e-01
4.557056128978729248e-01
5.649633407592773438e-01
4.011754691600799561e-01
4.259156286716461182e-01
4.338517189025878906e-01
4.064207971096038818e-01
5.161135196685791016e-01
2.127982228994369507e-01
4.840205013751983643e-01
3.688009083271026611e-01
5.389355421066284180e-01
6.664904356002807617e-01
4.933229684829711914e-01
4.328547418117523193e-01
3.973849117755889893e-01
2.880201041698455811e-01
3.918622732162475586e-01
5.346062183380126953e-01
4.508548676967620850e-01
4.458946585655212402e-01
4.059526920318603516e-01
5.573726296424865723e-01
4.338068366050720215e-01
4.502768218517303467e-01
3.851623535156250000e-01
4.983791112899780273e-01
3.931539058685302734e-01
5.046170353889465332e-01
4.879599511623382568e-01
4.025324881076812744e-01
4.498347938060760498e-01
3.540490567684173584e-01
6.486943960189819336e-01
4.710223078727722168e-01
4.716401398181915283e-01
4.503266513347625732e-01
3.933255374431610107e-01
4.955575168132781982e-01
4.483171105384826660e-01
4.251251518726348877e-01
4.642553925514221191e-01
3.167788982391357422e-01
2.527582347393035889e-01
4.693424105644226074e-01
4.103268086910247803e-01
5.239140987396240234e-01
3.757248222827911377e-01
3.851056694984436035e-01
4.474857151508331299e-01
4.280929565429687500e-01
5.210784077644348145e-01
4.562309086322784424e-01
5.092933177947998047e-01
4.911946952342987061e-01
4.685714542865753174e-01
3.760421574115753174e-01
4.467307627201080322e-01
3.186416327953338623e-01
2.668289840221405029e-01
5.074120163917541504e-01
4.629721641540527344e-01
6.769510507583618164e-01
3.606815338134765625e-01
7.251648902893066406e-01
4.342482089996337891e-01
3.973031342029571533e-01
3.960183262825012207e-01
4.826248586177825928e-01
4.431589841842651367e-01
3.513351678848266602e-01
3.613923490047454834e-01
4.820413887500762939e-01
4.755266010761260986e-01
3.980780243873596191e-01
3.644640445709228516e-01
6.009020209312438965e-01
4.211194217205047607e-01
6.573694348335266113e-01
6.141126751899719238e-01
4.433964192867279053e-01
4.868468344211578369e-01
5.451378822326660156e-01
4.354583919048309326e-01
3.445018529891967773e-01
3.486956655979156494e-01
5.144515633583068848e-01
4.467304646968841553e-01
5.652003288269042969e-01
4.989269375801086426e-01
4.633933007717132568e-01
3.467285335063934326e-01
3.843183815479278564e-01
4.633648097515106201e-01
2.640735805034637451e-01
4.044857323169708252e-01
3.914127349853515625e-01
4.601087868213653564e-01
5.177077651023864746e-01
4.423197209835052490e-01
4.543678760528564453e-01
5.717722177505493164e-01
5.177094340324401855e-01
6.414706110954284668e-01
4.085719883441925049e-01
4.052853584289550781e-01
4.252979159355163574e-01
4.859260618686676025e-01
2.609646022319793701e-01
4.658100306987762451e-01
4.540590941905975342e-01
3.301121890544891357e-01
4.807097911834716797e-01
5.983029603958129883e-01
4.528494477272033691e-01
4.593671262264251709e-01
6.121371388435363770e-01
4.986751675605773926e-01
3.457531929016113281e-01
4.236147105693817139e-01
4.420488774776458740e-01
7.827669978141784668e-01
6.885935068130493164e-01
4.323748052120208740e-01
4.697274863719940186e-01
3.829478323459625244e-01
5.648314952850341797e-01
5.137796401977539062e-01
3.892855048179626465e-01
4.935561120510101318e-01
4.167962074279785156e-01
2.991341650485992432e-01
3.726928234100341797e-01
4.111349880695343018e-01
3.708399832248687744e-01
4.809248149394989014e-01
4.508442282676696777e-01
3.991852998733520508e-01
5.134053230285644531e-01
3.236431777477264404e-01
4.127437174320220947e-01
3.989412784576416016e-01
5.451979041099548340e-01
4.372798502445220947e-01
6.425697803497314453e-01
4.719080924987792969e-01
4.822113513946533203e-01
5.023643970489501953e-01
3.742324411869049072e-01
4.824387729167938232e-01
4.886736273765563965e-01
4.528830051422119141e-01
4.792127013206481934e-01
4.861099123954772949e-01
4.029188454151153564e-01
3.076379895210266113e-01
4.503864645957946777e-01
4.406065344810485840e-01
4.826362729072570801e-01
3.360074758529663086e-01
6.552732586860656738e-01
3.941454589366912842e-01
3.690266013145446777e-01
4.887529611587524414e-01
7.498664855957031250e-01
5.123351216316223145e-01
5.251365303993225098e-01
5.683864355087280273e-01
4.545672237873077393e-01
4.201532602310180664e-01
3.739531040191650391e-01
3.701482117176055908e-01
4.483149647712707520e-01
3.370761871337890625e-01
5.733867287635803223e-01
4.097487330436706543e-01
3.250397443771362305e-01
5.017966628074645996e-01
4.585366249084472656e-01
3.259276747703552246e-01
3.434062004089355469e-01
3.540405035018920898e-01
5.298497676849365234e-01
3.197176456451416016e-01
6.032842397689819336e-01
4.016961753368377686e-01
4.254600405693054199e-01
3.495230674743652344e-01
4.261685609817504883e-01
3.348468840122222900e-01
4.191642999649047852e-01
5.491890907287597656e-01
3.187288045883178711e-01
4.860825836658477783e-01
3.910885155200958252e-01
5.337817668914794922e-01
6.085068583488464355e-01
4.405297636985778809e-01
5.108691453933715820e-01
5.360522866249084473e-01
4.147715568542480469e-01
4.899747371673583984e-01
3.888829350471496582e-01
5.078468322753906250e-01
4.293072223663330078e-01
4.660791754722595215e-01
6.530802249908447266e-01
4.648915827274322510e-01
6.247848868370056152e-01
4.996075928211212158e-01
4.568780064582824707e-01
4.654581546783447266e-01
5.458598732948303223e-01
4.238540828227996826e-01
3.403869867324829102e-01
2.683310508728027344e-01
4.111581146717071533e-01
6.090797781944274902e-01
4.982138574123382568e-01
3.333161771297454834e-01
3.778869807720184326e-01
4.130892157554626465e-01
4.504140615463256836e-01
4.952433705329895020e-01
4.489216208457946777e-01
2.144684493541717529e-01
4.219487309455871582e-01
3.709987699985504150e-01
5.080276131629943848e-01
5.756527185440063477e-01
4.845871329307556152e-01
3.688160777091979980e-01
5.170205235481262207e-01
4.705388844013214111e-01
4.894122779369354248e-01
4.673293828964233398e-01
5.433192253112792969e-01
4.998594522476196289e-01
4.035724997520446777e-01
4.016277194023132324e-01
5.226539969444274902e-01
3.142837285995483398e-01
4.059032499790191650e-01
4.029970467090606689e-01
5.339152216911315918e-01
4.833995997905731201e-01
4.821515381336212158e-01
4.581913053989410400e-01
4.468720853328704834e-01
5.371289253234863281e-01
4.907475709915161133e-01
4.497913122177124023e-01
5.329005122184753418e-01
4.765902161598205566e-01
3.781401216983795166e-01
5.248282551765441895e-01
4.406795203685760498e-01
4.505768120288848877e-01
4.983444511890411377e-01
6.140728592872619629e-01
3.875924646854400635e-01
4.490523040294647217e-01
4.725237786769866943e-01
4.686760008335113525e-01
5.105508565902709961e-01
3.982147574424743652e-01
4.466508626937866211e-01
5.161212086677551270e-01
3.373977839946746826e-01
4.058600068092346191e-01
4.537910223007202148e-01
4.980387389659881592e-01
4.115331470966339111e-01
4.340498745441436768e-01
4.277156889438629150e-01
3.951752185821533203e-01
4.441889822483062744e-01
3.988140523433685303e-01
3.611234128475189209e-01
5.328986048698425293e-01
5.481620430946350098e-01
3.506639897823333740e-01
4.104331731796264648e-01
4.113432466983795166e-01
4.337826967239379883e-01
5.456320047378540039e-01
4.725989401340484619e-01
4.061892628669738770e-01
3.414624631404876709e-01
5.331402420997619629e-01
3.685208559036254883e-01
5.232802033424377441e-01
3.828931450843811035e-01
4.163524210453033447e-01
5.513696074485778809e-01
3.751141428947448730e-01
3.798021972179412842e-01
8.307033181190490723e-01
4.966595768928527832e-01
4.173881113529205322e-01
4.890249669551849365e-01
4.887607991695404053e-01
5.715696811676025391e-01
5.200511217117309570e-01
5.443407297134399414e-01
5.279763340950012207e-01
4.133453667163848877e-01
4.450266659259796143e-01
6.039929389953613281e-01
5.050153136253356934e-01
4.619652628898620605e-01
3.715573549270629883e-01
3.961731791496276855e-01
6.296847462654113770e-01
3.067130148410797119e-01
3.330211639404296875e-01
5.670994520187377930e-01
4.446296691894531250e-01
4.823630154132843018e-01
5.368652939796447754e-01
3.445915281772613525e-01
6.050184369087219238e-01
6.915942430496215820e-01
4.185356199741363525e-01
5.423480868339538574e-01
5.240493416786193848e-01
5.134040117263793945e-01
3.317306339740753174e-01
4.264935851097106934e-01
4.064818918704986572e-01
4.928200244903564453e-01
5.319581031799316406e-01
6.198076009750366211e-01
5.091884136199951172e-01
4.089862406253814697e-01
3.749098479747772217e-01
3.989470601081848145e-01
4.638236761093139648e-01
4.908480644226074219e-01
6.272757649421691895e-01
4.043487608432769775e-01
3.974690437316894531e-01
3.797928094863891602e-01
4.183692634105682373e-01
4.266659617424011230e-01
5.330615043640136719e-01
4.086655676364898682e-01
5.332331061363220215e-01
4.605213999748229980e-01
3.814402222633361816e-01
8.639723062515258789e-01
3.614284396171569824e-01
4.199366271495819092e-01
4.787582159042358398e-01
4.838411808013916016e-01
4.264690577983856201e-01
6.303494572639465332e-01
7.790796756744384766e-01
4.493540525436401367e-01
4.469580650329589844e-01
4.276131093502044678e-01
3.922714591026306152e-01
5.023912787437438965e-01
4.547265768051147461e-01
5.533589124679565430e-01
4.329148530960083008e-01
4.923091530799865723e-01
5.341256856918334961e-01
5.405145287513732910e-01
4.399948418140411377e-01
5.388740897178649902e-01
4.041356146335601807e-01
5.164825320243835449e-01
4.211044311523437500e-01
3.559012413024902344e-01
3.544037044048309326e-01
3.086815774440765381e-01
4.114865362644195557e-01
3.777202367782592773e-01
4.517389833927154541e-01
4.771386682987213135e-01
3.727488219738006592e-01
4.253236353397369385e-01
3.936722278594970703e-01
2.830819487571716309e-01
4.703418612480163574e-01
4.556286334991455078e-01
4.181928336620330811e-01
6.283996105194091797e-01
5.558717250823974609e-01
5.024047493934631348e-01
4.695434570312500000e-01
4.755954444408416748e-01
4.691460132598876953e-01
4.826583564281463623e-01
4.247838258743286133e-01
5.816107988357543945e-01
4.397393167018890381e-01
3.868072330951690674e-01
8.778680562973022461e-01
9.882561564445495605e-01
5.060315132141113281e-01
4.203960895538330078e-01
4.661234915256500244e-01
4.482866525650024414e-01
3.977808952331542969e-01
4.583375155925750732e-01
4.918605983257293701e-01
5.150741934776306152e-01
3.956372737884521484e-01
4.045463800430297852e-01
4.225255250930786133e-01
4.091555476188659668e-01
3.794057369232177734e-01
4.689804315567016602e-01
4.387476444244384766e-01
5.050361156463623047e-01
4.647122621536254883e-01
3.993302881717681885e-01
4.337147772312164307e-01
5.985248684883117676e-01
3.816647529602050781e-01
3.834899067878723145e-01
6.333293318748474121e-01
3.008012473583221436e-01
4.081667959690093994e-01
4.986833333969116211e-01
4.307478368282318115e-01
5.436280369758605957e-01
3.699424266815185547e-01
4.743859469890594482e-01
2.629441022872924805e-01
5.495364665985107422e-01
2.210463285446166992e-01
3.762752115726470947e-01
6.776863336563110352e-01
4.729413688182830811e-01
3.093969821929931641e-01
4.920340180397033691e-01
5.485534071922302246e-01
2.542934715747833252e-01
4.480261206626892090e-01
3.851516544818878174e-01
4.946384727954864502e-01
4.720552861690521240e-01
6.681536436080932617e-01
4.604816436767578125e-01
4.426105618476867676e-01
4.146549403667449951e-01
4.080443978309631348e-01
4.798254370689392090e-01
2.859296500682830811e-01
4.545803368091583252e-01
3.970497548580169678e-01
3.993728458881378174e-01
5.188758969306945801e-01
4.711733162403106689e-01
5.615859031677246094e-01
4.675083458423614502e-01
5.068037509918212891e-01
4.821731150150299072e-01
2.835900783538818359e-01
4.462040960788726807e-01
4.805417358875274658e-01
3.812474906444549561e-01
4.658450782299041748e-01
3.787320256233215332e-01
4.639255702495574951e-01
4.232460856437683105e-01
4.551447629928588867e-01
4.816119074821472168e-01
3.259814679622650146e-01
5.536500811576843262e-01
4.497274756431579590e-01
4.354088306427001953e-01
4.612714052200317383e-01
4.192914366722106934e-01
4.486067295074462891e-01
4.686495363712310791e-01
3.936165869235992432e-01
3.590008616447448730e-01
3.613402247428894043e-01
3.982231020927429199e-01
4.937999546527862549e-01
3.807073235511779785e-01
4.192202091217041016e-01
5.833354592323303223e-01
4.701905846595764160e-01
3.628074526786804199e-01
4.422347843647003174e-01
4.050109386444091797e-01
9.527893066406250000e-01
3.814707696437835693e-01
3.994923532009124756e-01
5.303109884262084961e-01
4.280789792537689209e-01
4.072241485118865967e-01
5.262341499328613281e-01
5.657448172569274902e-01
5.545561909675598145e-01
5.549363493919372559e-01
6.489234566688537598e-01
4.163471162319183350e-01
5.894321203231811523e-01
4.971633851528167725e-01
6.215367317199707031e-01
3.858826756477355957e-01
5.223565101623535156e-01
4.620566964149475098e-01
4.255618751049041748e-01
2.952905893325805664e-01
4.492708444595336914e-01
4.329903721809387207e-01
3.684264719486236572e-01
5.735501646995544434e-01
5.300287604331970215e-01
4.808282554149627686e-01
5.204471945762634277e-01
3.916940391063690186e-01
3.824040293693542480e-01
4.797380864620208740e-01
3.527972102165222168e-01
4.101228117942810059e-01
5.639523863792419434e-01
4.976173639297485352e-01
4.497389197349548340e-01
2.390848249197006226e-01
4.001791179180145264e-01
3.797616064548492432e-01
4.863719046115875244e-01
3.985354900360107422e-01
2.907249629497528076e-01
4.966295063495635986e-01
4.894859790802001953e-01
3.923234641551971436e-01
2.155725657939910889e-01
3.047521412372589111e-01
5.159131288528442383e-01
6.608499884605407715e-01
4.893704950809478760e-01
4.598508477210998535e-01
4.207633137702941895e-01
4.927168786525726318e-01
5.951966047286987305e-01
4.445717930793762207e-01
4.918669164180755615e-01
4.095065891742706299e-01
4.296968877315521240e-01
3.486532866954803467e-01
5.704051256179809570e-01
4.962367713451385498e-01
2.487340122461318970e-01
4.334848225116729736e-01
4.207853674888610840e-01
4.545268118381500244e-01
4.059169888496398926e-01
5.150271654129028320e-01
4.401574134826660156e-01
5.730338096618652344e-01
3.186351954936981201e-01
2.894962131977081299e-01
4.588758945465087891e-01
3.841172754764556885e-01
4.116728305816650391e-01
7.501369118690490723e-01
3.688611686229705811e-01
4.414128959178924561e-01
5.068112611770629883e-01
3.833176791667938232e-01
4.104183316230773926e-01
4.383130669593811035e-01
4.007426798343658447e-01
5.587363839149475098e-01
4.766134619712829590e-01
4.528837502002716064e-01
4.700329303741455078e-01
6.526451110839843750e-01
4.456523656845092773e-01
4.348640441894531250e-01
4.819580912590026855e-01
3.700405359268188477e-01
3.609546422958374023e-01
5.513836145401000977e-01
4.219893515110015869e-01
5.170364975929260254e-01
5.077566504478454590e-01
4.338402152061462402e-01
4.434052407741546631e-01
3.795024752616882324e-01
5.055165290832519531e-01
4.081959724426269531e-01
4.773440062999725342e-01
5.013139843940734863e-01
5.397062301635742188e-01
4.034035801887512207e-01
3.772218525409698486e-01
4.736268222332000732e-01
4.387279450893402100e-01
4.565570354461669922e-01
2.597817480564117432e-01
5.275021195411682129e-01
4.590032398700714111e-01
4.235177338123321533e-01
3.983704447746276855e-01
4.652382731437683105e-01
3.681516051292419434e-01
5.899763703346252441e-01
6.907102465629577637e-01
7.338861227035522461e-01
4.497405588626861572e-01
5.806020498275756836e-01
5.101093053817749023e-01
6.737821698188781738e-01
4.662661552429199219e-01
4.079100191593170166e-01
5.149093866348266602e-01
4.834926426410675049e-01
4.802919030189514160e-01
4.861287772655487061e-01
5.184864401817321777e-01
3.687716126441955566e-01
4.035409688949584961e-01
4.364171028137207031e-01
4.646098017692565918e-01
4.208746850490570068e-01
4.666433036327362061e-01
5.661459565162658691e-01
3.087149858474731445e-01
6.381350755691528320e-01
3.378670215606689453e-01
3.719345927238464355e-01
6.989847421646118164e-01
5.133494138717651367e-01
2.669543027877807617e-01
4.717804789543151855e-01
5.173533558845520020e-01
3.703151941299438477e-01
4.327389597892761230e-01
4.680874049663543701e-01
4.061843752861022949e-01
5.885544419288635254e-01
4.512534141540527344e-01
5.546833872795104980e-01
4.936503171920776367e-01
4.872142374515533447e-01
5.402934551239013672e-01
4.412201046943664551e-01
3.802021145820617676e-01
3.965118229389190674e-01
5.337414145469665527e-01
3.333670496940612793e-01
5.964016318321228027e-01
4.831330478191375732e-01
3.418782949447631836e-01
4.218847751617431641e-01
4.994378089904785156e-01
3.884468078613281250e-01
6.384986042976379395e-01
7.666162252426147461e-01
4.617236256599426270e-01
4.256027042865753174e-01
5.071378946304321289e-01
5.214434862136840820e-01
4.577704071998596191e-01
7.170839905738830566e-01
5.157402157783508301e-01
4.097584187984466553e-01
4.374239444732666016e-01
4.320338964462280273e-01
4.644914269447326660e-01
4.658371210098266602e-01
4.470185339450836182e-01
3.097536265850067139e-01
4.714907705783843994e-01
4.618122577667236328e-01
8.487040996551513672e-01
4.749146699905395508e-01
6.254914999008178711e-01
7.324226498603820801e-01
2.935270071029663086e-01
4.765763282775878906e-01
5.980070233345031738e-01
5.470423698425292969e-01
4.262168407440185547e-01
5.617718100547790527e-01
5.960047841072082520e-01
4.770490229129791260e-01
4.081028997898101807e-01
3.621034026145935059e-01
4.687207341194152832e-01
4.119054079055786133e-01
4.704599678516387939e-01
6.295539736747741699e-01
4.264563620090484619e-01
4.685791134834289551e-01
3.731127679347991943e-01
4.915009438991546631e-01
4.926945865154266357e-01
3.437988758087158203e-01
4.983859062194824219e-01
5.233097672462463379e-01
3.316839933395385742e-01
5.372886061668395996e-01
4.848140478134155273e-01
4.582231938838958740e-01
5.213007926940917969e-01
4.357849061489105225e-01
4.774189889430999756e-01
4.790759980678558350e-01
2.758165001869201660e-01
4.518938660621643066e-01
4.628666341304779053e-01
3.593309223651885986e-01
5.028560161590576172e-01
3.395350575447082520e-01
3.489562869071960449e-01
3.804914951324462891e-01
4.575922787189483643e-01
4.921686351299285889e-01
3.909010887145996094e-01
4.600825011730194092e-01
4.867630004882812500e-01
6.754818558692932129e-01
4.012009501457214355e-01
4.804526865482330322e-01
4.476131498813629150e-01
4.561558663845062256e-01
4.661178290843963623e-01
5.065386295318603516e-01
4.709887206554412842e-01
4.053449928760528564e-01
5.236646533012390137e-01
3.082187771797180176e-01
4.647955596446990967e-01
4.327632784843444824e-01
4.497076272964477539e-01
4.383483827114105225e-01
3.794474005699157715e-01
3.083235621452331543e-01
5.764616131782531738e-01
5.416223406791687012e-01
4.949133694171905518e-01
4.960328042507171631e-01
5.005681514739990234e-01
4.266685545444488525e-01
4.115067720413208008e-01
4.421747028827667236e-01
3.609687685966491699e-01
3.975807130336761475e-01
5.321433544158935547e-01
4.154033958911895752e-01
3.685225248336791992e-01
4.452250301837921143e-01
5.887135267257690430e-01
3.946625590324401855e-01
3.706398010253906250e-01
5.287395119667053223e-01
4.825757443904876709e-01
3.915264010429382324e-01
3.414156734943389893e-01
3.565998375415802002e-01
4.558004140853881836e-01
3.390961587429046631e-01
3.839566409587860107e-01
4.973924458026885986e-01
4.644701182842254639e-01
5.563588142395019531e-01
4.404368400573730469e-01
4.536791741847991943e-01
4.321537911891937256e-01
5.547024011611938477e-01
4.180181324481964111e-01
3.461115956306457520e-01
4.314978420734405518e-01
3.285723328590393066e-01
3.962523937225341797e-01
4.946744143962860107e-01
5.513607263565063477e-01
4.992196857929229736e-01
4.851692020893096924e-01
3.723469972610473633e-01
6.703353524208068848e-01
5.317275524139404297e-01
6.024157404899597168e-01
7.217821478843688965e-01
4.968674182891845703e-01
3.011333942413330078e-01
4.051541686058044434e-01
4.215846955776214600e-01
3.661764562129974365e-01
5.051168203353881836e-01
5.074547529220581055e-01
4.390977323055267334e-01
3.765529990196228027e-01
6.387125253677368164e-01
6.178892254829406738e-01
4.048850536346435547e-01
1.246774792671203613e+00
4.028671681880950928e-01
4.390717744827270508e-01
4.337173402309417725e-01
3.802716135978698730e-01
4.128195643424987793e-01
4.689139425754547119e-01
4.457171261310577393e-01
3.575938940048217773e-01
5.470314025878906250e-01
5.427178740501403809e-01
6.160837411880493164e-01
2.533643543720245361e-01
5.896155238151550293e-01
4.182671904563903809e-01
5.512312054634094238e-01
4.819353520870208740e-01
3.992284536361694336e-01
6.459321975708007812e-01
4.558718204498291016e-01
4.138161540031433105e-01
4.119766056537628174e-01
4.643942415714263916e-01
4.660785794258117676e-01
4.494228363037109375e-01
6.144215464591979980e-01
4.124111235141754150e-01
5.187800526618957520e-01
4.391406178474426270e-01
6.427991390228271484e-01
4.444835782051086426e-01
4.304653108119964600e-01
7.205836772918701172e-01
4.748238921165466309e-01
5.229603052139282227e-01
4.985354244709014893e-01
5.555142164230346680e-01
4.242161214351654053e-01
4.068954288959503174e-01
3.525916635990142822e-01
4.471122622489929199e-01
4.413108527660369873e-01
8.949609994888305664e-01
4.298609793186187744e-01
4.854670464992523193e-01
5.064904093742370605e-01
5.190294384956359863e-01
7.637385129928588867e-01
2.340133488178253174e-01
3.894996643066406250e-01
4.214184284210205078e-01
4.498068392276763916e-01
5.334338545799255371e-01
5.849903821945190430e-01
6.643753051757812500e-01
4.656158685684204102e-01
4.702649414539337158e-01
4.763206541538238525e-01
5.609585642814636230e-01
3.644731938838958740e-01
4.279196560382843018e-01
3.367389738559722900e-01
4.944218099117279053e-01
4.789901971817016602e-01
3.824986517429351807e-01
5.348986983299255371e-01
4.611394107341766357e-01
7.298866510391235352e-01
5.330792665481567383e-01
4.054421484470367432e-01
5.166676044464111328e-01
5.371592044830322266e-01
4.065617024898529053e-01
3.470790386199951172e-01
4.636671841144561768e-01
4.377125799655914307e-01
4.628889858722686768e-01
4.440226256847381592e-01
4.376263022422790527e-01
6.614934802055358887e-01
4.973071813583374023e-01
4.100212156772613525e-01
4.512780904769897461e-01
3.928912878036499023e-01
5.040241479873657227e-01
4.390213191509246826e-01
4.113839268684387207e-01
4.900737702846527100e-01
3.010016977787017822e-01
5.320532321929931641e-01
5.333274602890014648e-01
4.171256124973297119e-01
4.131112694740295410e-01
4.830796122550964355e-01
4.746933877468109131e-01
3.679193258285522461e-01
5.818750858306884766e-01
4.697644412517547607e-01
4.252764284610748291e-01
3.053828179836273193e-01
4.141469597816467285e-01
5.479892492294311523e-01
4.506589174270629883e-01
4.649082124233245850e-01
4.893549978733062744e-01
2.058436572551727295e-01
4.356276094913482666e-01
3.648938238620758057e-01
5.012019276618957520e-01
4.918963313102722168e-01
5.371471643447875977e-01
4.191909432411193848e-01
4.152143299579620361e-01
5.186389088630676270e-01
5.303059220314025879e-01
6.915194988250732422e-01
5.352987051010131836e-01
2.900995612144470215e-01
4.109820127487182617e-01
3.324591517448425293e-01
4.337365925312042236e-01
6.068487167358398438e-01
4.511606395244598389e-01
5.372843742370605469e-01
4.407090544700622559e-01
8.556627631187438965e-01
5.146482586860656738e-01
4.952015876770019531e-01
4.307410717010498047e-01
4.961240589618682861e-01
4.995527565479278564e-01
4.582732319831848145e-01
7.763531208038330078e-01
4.956315755844116211e-01
4.813508093357086182e-01
5.283689498901367188e-01
4.821381866931915283e-01
4.122230112552642822e-01
5.122988224029541016e-01
4.302877187728881836e-01
3.397297263145446777e-01
3.819162845611572266e-01
4.282956421375274658e-01
6.544103026390075684e-01
3.678811192512512207e-01
5.290025472640991211e-01
5.093720555305480957e-01
5.147154927253723145e-01
4.720456898212432861e-01
6.160112619400024414e-01
3.716923892498016357e-01
5.493567585945129395e-01
5.331004261970520020e-01
4.370431602001190186e-01
3.535482585430145264e-01
6.096682548522949219e-01
3.662601709365844727e-01
2.854252159595489502e-01
4.831448495388031006e-01
4.712454378604888916e-01
4.277562797069549561e-01
4.482382833957672119e-01
5.530176758766174316e-01
4.656493663787841797e-01
4.553827643394470215e-01
4.888146817684173584e-01
4.797238707542419434e-01
7.098920941352844238e-01
4.348932802677154541e-01
4.316091239452362061e-01
6.559914350509643555e-01
5.357056260108947754e-01
6.803677678108215332e-01
5.052188038825988770e-01
5.063456892967224121e-01
4.235518276691436768e-01
4.569336771965026855e-01
4.385364353656768799e-01
6.599999070167541504e-01
5.761193633079528809e-01
4.739898741245269775e-01
5.791819691658020020e-01
4.600970745086669922e-01
3.904253244400024414e-01
4.122004508972167969e-01
4.984970092773437500e-01
3.995946049690246582e-01
5.667310953140258789e-01
4.302729368209838867e-01
4.906455874443054199e-01
6.479314565658569336e-01
3.887765109539031982e-01
4.304908514022827148e-01
5.555984377861022949e-01
4.180015623569488525e-01
6.023659706115722656e-01
3.981809318065643311e-01
3.131892681121826172e-01
4.362432658672332764e-01
4.053142368793487549e-01
4.626582860946655273e-01
3.847045600414276123e-01
5.336445569992065430e-01
5.109106302261352539e-01
4.740756750106811523e-01
4.335424005985260010e-01
4.020182192325592041e-01
3.441978693008422852e-01
4.549598395824432373e-01
5.241970419883728027e-01
3.403468132019042969e-01
3.726630806922912598e-01
5.137583017349243164e-01
4.508456885814666748e-01
4.331329166889190674e-01
4.637464284896850586e-01
3.217878043651580811e-01
4.797632396221160889e-01
5.588409900665283203e-01
5.313719511032104492e-01
5.746772885322570801e-01
4.066397249698638916e-01
4.249317348003387451e-01
5.092071890830993652e-01
4.194302558898925781e-01
3.451686799526214600e-01
4.174147546291351318e-01
4.263446331024169922e-01
2.748992443084716797e-01
3.620328605175018311e-01
3.543328344821929932e-01
3.630925416946411133e-01
2.639357149600982666e-01
4.785994291305541992e-01
5.053762197494506836e-01
4.108318090438842773e-01
3.161322474479675293e-01
5.046867132186889648e-01
6.572980284690856934e-01
4.641169011592864990e-01
5.783659219741821289e-01
4.076792597770690918e-01
4.772425293922424316e-01
5.503215789794921875e-01
3.581669926643371582e-01
5.900321602821350098e-01
3.995783030986785889e-01
5.089329481124877930e-01
6.743571162223815918e-01
4.557808339595794678e-01
4.707374274730682373e-01
4.007318913936614990e-01
4.233234822750091553e-01
4.691766500473022461e-01
3.743892312049865723e-01
4.269476234912872314e-01
5.092986226081848145e-01
4.808098971843719482e-01
6.306902170181274414e-01
4.332706332206726074e-01
6.519872546195983887e-01
5.172351002693176270e-01
4.081763029098510742e-01
5.116488933563232422e-01
4.787561893463134766e-01
3.825159668922424316e-01
4.196856021881103516e-01
6.407622098922729492e-01
3.688680827617645264e-01
5.236331820487976074e-01
5.753242969512939453e-01
4.000302851200103760e-01
4.276160895824432373e-01
5.024499297142028809e-01
5.281035304069519043e-01
4.256622195243835449e-01
5.938453078269958496e-01
4.030427038669586182e-01
3.195301294326782227e-01
3.436251282691955566e-01
2.890908122062683105e-01
5.537939071655273438e-01
4.851932823657989502e-01
4.779182374477386475e-01
5.136457681655883789e-01
4.826551079750061035e-01
3.882110714912414551e-01
5.082459449768066406e-01
4.440193176269531250e-01
3.984513878822326660e-01
4.896247386932373047e-01
5.050651431083679199e-01
4.671575725078582764e-01
4.941689372062683105e-01
4.639543294906616211e-01
1.933672428131103516e-01
4.537030756473541260e-01
4.147122502326965332e-01
5.034667253494262695e-01
3.962662220001220703e-01
4.578655362129211426e-01
4.119839072227478027e-01
3.743602633476257324e-01
4.015073478221893311e-01
5.433306097984313965e-01
4.129891395568847656e-01
4.387239813804626465e-01
4.245554208755493164e-01
5.229051113128662109e-01
3.590050935745239258e-01
3.589462041854858398e-01
4.875214099884033203e-01
4.914465844631195068e-01
6.038674116134643555e-01
4.413322210311889648e-01
4.759581685066223145e-01
3.659545481204986572e-01
4.707444310188293457e-01
3.835354149341583252e-01
4.848072230815887451e-01
5.128843188285827637e-01
5.071621537208557129e-01
4.681601226329803467e-01
4.030311405658721924e-01
4.635337889194488525e-01
4.069099724292755127e-01
4.460147023200988770e-01
5.929493308067321777e-01
4.741185903549194336e-01
4.441105127334594727e-01
4.809954166412353516e-01
5.615944266319274902e-01
7.246270179748535156e-01
4.397775828838348389e-01
4.309694766998291016e-01
4.058889150619506836e-01
4.130988717079162598e-01
4.051032662391662598e-01
4.793060719966888428e-01
5.788334608078002930e-01
4.695360660552978516e-01
3.871776759624481201e-01
5.031247735023498535e-01
5.483855605125427246e-01
4.792828559875488281e-01
3.432622253894805908e-01
4.498061239719390869e-01
6.196742057800292969e-01
3.503521978855133057e-01
3.545659184455871582e-01
4.897791445255279541e-01
5.825957655906677246e-01
5.155119895935058594e-01
6.727138161659240723e-01
4.109994471073150635e-01
4.314327538013458252e-01
5.655156373977661133e-01
5.648451447486877441e-01
6.526928544044494629e-01
4.225966036319732666e-01
5.242460370063781738e-01
5.532677173614501953e-01
4.951976537704467773e-01
3.992941677570343018e-01
5.151735544204711914e-01
3.935428261756896973e-01
6.127584576606750488e-01
4.791896343231201172e-01
3.652778863906860352e-01
5.005099773406982422e-01
4.747073054313659668e-01
3.799337744712829590e-01
4.293396174907684326e-01
5.118790268898010254e-01
4.025627076625823975e-01
5.267685651779174805e-01
4.478754699230194092e-01
4.509846568107604980e-01
5.355825424194335938e-01
4.025110900402069092e-01
4.171912670135498047e-01
4.396075010299682617e-01
3.360264301300048828e-01
5.029049515724182129e-01
4.391511380672454834e-01
4.558041989803314209e-01
5.315979719161987305e-01
4.596481621265411377e-01
5.241383314132690430e-01
3.647503256797790527e-01
4.148841500282287598e-01
6.075901985168457031e-01
4.360520839691162109e-01
3.749603033065795898e-01
4.678621590137481689e-01
4.085160195827484131e-01
5.677325725555419922e-01
4.377151727676391602e-01
8.193949460983276367e-01
4.871523082256317139e-01
3.263975381851196289e-01
4.735568165779113770e-01
3.547065556049346924e-01
4.773578941822052002e-01
4.286739826202392578e-01
4.972579479217529297e-01
6.194579601287841797e-01
4.416120052337646484e-01
4.074844419956207275e-01
4.404691159725189209e-01
5.091073513031005859e-01
5.763469338417053223e-01
4.233333766460418701e-01
4.637914001941680908e-01
4.141804873943328857e-01
3.971328735351562500e-01
4.419803321361541748e-01
6.187900304794311523e-01
4.263215065002441406e-01
3.939337432384490967e-01
3.436219990253448486e-01
5.323058366775512695e-01
4.742451906204223633e-01
3.604213297367095947e-01
4.052582085132598877e-01
4.211046695709228516e-01
3.449549376964569092e-01
4.605187773704528809e-01
5.325818657875061035e-01
4.751500785350799561e-01
3.734610378742218018e-01
3.546659648418426514e-01
5.262440443038940430e-01
6.142128109931945801e-01
4.939029216766357422e-01
4.815765023231506348e-01
6.109465360641479492e-01
8.530756831169128418e-01
5.210098624229431152e-01
5.969182848930358887e-01
4.927881658077239990e-01
3.780415058135986328e-01
4.600725769996643066e-01
3.873687684535980225e-01
5.256447792053222656e-01
3.139451742172241211e-01
4.703031182289123535e-01
2.314172685146331787e-01
3.005906641483306885e-01
4.383344054222106934e-01
5.316611528396606445e-01
4.079811275005340576e-01
4.786174297332763672e-01
5.181468725204467773e-01
4.424307644367218018e-01
4.520119130611419678e-01
3.254279196262359619e-01
4.313669800758361816e-01
3.937322795391082764e-01
4.941337108612060547e-01
4.968819022178649902e-01
4.685394167900085449e-01
3.860188424587249756e-01
4.093590080738067627e-01
4.413419961929321289e-01
5.447698831558227539e-01
4.399644434452056885e-01
5.234678387641906738e-01
5.918679833412170410e-01
4.640274047851562500e-01
4.519984722137451172e-01
3.347238302230834961e-01
4.869526028633117676e-01
4.456055760383605957e-01
4.943842291831970215e-01
2.645406424999237061e-01
6.610580086708068848e-01
5.484358072280883789e-01
4.412561655044555664e-01
4.959674477577209473e-01
8.867497444152832031e-01
3.529982268810272217e-01
5.516266822814941406e-01
4.261509776115417480e-01
3.728017508983612061e-01
5.599630475044250488e-01
3.699275553226470947e-01
2.616354823112487793e-01
4.120094478130340576e-01
4.355980753898620605e-01
4.201165437698364258e-01
4.178098440170288086e-01
7.896645069122314453e-01
5.306925773620605469e-01
3.676547110080718994e-01
4.156531393527984619e-01
4.541837871074676514e-01
4.998376369476318359e-01
3.901056945323944092e-01
3.754115998744964600e-01
3.516258001327514648e-01
3.172676563262939453e-01
4.800769388675689697e-01
4.083147943019866943e-01
3.759525716304779053e-01
3.521364927291870117e-01
4.521461725234985352e-01
4.655201435089111328e-01
3.028522729873657227e-01
4.235673248767852783e-01
5.989890694618225098e-01
4.532894492149353027e-01
5.598725080490112305e-01
4.628911018371582031e-01
4.280531704425811768e-01
3.795723319053649902e-01
4.388684630393981934e-01
4.592510461807250977e-01
3.082863688468933105e-01
4.434402883052825928e-01
3.702303767204284668e-01
5.405697822570800781e-01
4.494339823722839355e-01
7.149372696876525879e-01
5.931398272514343262e-01
4.395725727081298828e-01
4.199947118759155273e-01
5.354605317115783691e-01
4.449240267276763916e-01
4.348557591438293457e-01
4.250800609588623047e-01
4.632622003555297852e-01
3.676561713218688965e-01
4.744622707366943359e-01
4.276950657367706299e-01
3.843827545642852783e-01
6.657143235206604004e-01
4.319266974925994873e-01
6.685585975646972656e-01
4.907589256763458252e-01
4.927228391170501709e-01
5.356425642967224121e-01
5.399546027183532715e-01
5.387923121452331543e-01
3.826809227466583252e-01
4.300820827484130859e-01
5.427469015121459961e-01
4.783767759799957275e-01
5.508663058280944824e-01
4.900408387184143066e-01
4.074155092239379883e-01
3.610840737819671631e-01
4.817046821117401123e-01
4.305273592472076416e-01
3.835073709487915039e-01
4.648434817790985107e-01
5.247272849082946777e-01
4.322309195995330811e-01
4.875711798667907715e-01
3.613198995590209961e-01
5.754660367965698242e-01
3.481669127941131592e-01
3.276296257972717285e-01
4.543216526508331299e-01
5.840061902999877930e-01
5.567763447761535645e-01
3.670884072780609131e-01
3.469986319541931152e-01
3.679365515708923340e-01
4.576028585433959961e-01
5.051088929176330566e-01
4.740094244480133057e-01
4.049598872661590576e-01
5.038124918937683105e-01
5.247786641120910645e-01
4.627466797828674316e-01
3.601322174072265625e-01
3.969904482364654541e-01
4.691271185874938965e-01
6.238511800765991211e-01
3.619545996189117432e-01
4.342342317104339600e-01
3.904531300067901611e-01
4.321529865264892578e-01
3.371749818325042725e-01
4.741827845573425293e-01
5.140672922134399414e-01
4.556129574775695801e-01
4.548382759094238281e-01
3.353943228721618652e-01
5.762270092964172363e-01
4.420446157455444336e-01
3.719114065170288086e-01
5.532121658325195312e-01
3.879511356353759766e-01
5.164108276367187500e-01
5.128637552261352539e-01
4.367022514343261719e-01
6.867162585258483887e-01
5.815737843513488770e-01
4.758032262325286865e-01
4.481202661991119385e-01
4.132573604583740234e-01
5.384076833724975586e-01
5.906015634536743164e-01
3.973972797393798828e-01
4.296475350856781006e-01
5.170028805732727051e-01
3.852709233760833740e-01
4.969674050807952881e-01
5.123300552368164062e-01
5.466626882553100586e-01
5.254517197608947754e-01
4.027141928672790527e-01
7.618860602378845215e-01
3.805747926235198975e-01
4.528158009052276611e-01
6.499462723731994629e-01
5.342227816581726074e-01
4.313440918922424316e-01
4.302712380886077881e-01
3.519083857536315918e-01
4.384746849536895752e-01
4.892830848693847656e-01
3.781281411647796631e-01
5.273805856704711914e-01
1.751936823129653931e-01
4.220749139785766602e-01
4.960040152072906494e-01
4.518677890300750732e-01
3.433566093444824219e-01
4.710601568222045898e-01
4.050046503543853760e-01
3.731003105640411377e-01
5.599537491798400879e-01
4.473764002323150635e-01
4.110485315322875977e-01
5.567879676818847656e-01
4.050831198692321777e-01
5.566640496253967285e-01
4.639562368392944336e-01
3.990232646465301514e-01
5.187856554985046387e-01
3.162535727024078369e-01
5.356260538101196289e-01
4.191843867301940918e-01
3.779461979866027832e-01
7.006281018257141113e-01
4.611666202545166016e-01
3.354367613792419434e-01
3.920821249485015869e-01
5.042230486869812012e-01
3.842155635356903076e-01
4.449171721935272217e-01
5.580409169197082520e-01
3.219337761402130127e-01
4.017859101295471191e-01
3.702196478843688965e-01
4.930402040481567383e-01
4.592582583427429199e-01
4.819987118244171143e-01
6.568608880043029785e-01
4.963097572326660156e-01
4.050583839416503906e-01
4.273062646389007568e-01
5.380665659904479980e-01
5.883592367172241211e-01
3.780653774738311768e-01
6.205570697784423828e-01
4.229428768157958984e-01
5.403611063957214355e-01
3.935296535491943359e-01
4.532719552516937256e-01
2.927173376083374023e-01
4.851411581039428711e-01
3.515932559967041016e-01
3.136847615242004395e-01
5.529406666755676270e-01
5.452576279640197754e-01
4.369460642337799072e-01
4.077282845973968506e-01
3.938115239143371582e-01
4.656589031219482422e-01
4.954445362091064453e-01
4.039549231529235840e-01
5.302148461341857910e-01
5.186055302619934082e-01
4.698756039142608643e-01
5.262380242347717285e-01
5.024378895759582520e-01
4.267407953739166260e-01
4.576765298843383789e-01
4.277274012565612793e-01
4.687309563159942627e-01
3.493905663490295410e-01
4.692761898040771484e-01
4.952972531318664551e-01
4.665164053440093994e-01
4.841059744358062744e-01
4.692807793617248535e-01
4.968177676200866699e-01
5.054308772087097168e-01
3.535441458225250244e-01
4.113514125347137451e-01
4.329443275928497314e-01
4.524804353713989258e-01
4.619814455509185791e-01
5.378399491310119629e-01
4.118831157684326172e-01
5.079571604728698730e-01
4.457456171512603760e-01
4.168525934219360352e-01
7.146421074867248535e-01
5.442888736724853516e-01
4.863736033439636230e-01
4.309616088867187500e-01
4.293965399265289307e-01
5.696188211441040039e-01
3.532731831073760986e-01
4.350077509880065918e-01
7.474060058593750000e-01
3.150818347930908203e-01
5.493787527084350586e-01
2.677181661128997803e-01
3.997106850147247314e-01
4.597548544406890869e-01
4.038958251476287842e-01
4.975947439670562744e-01
3.388347625732421875e-01
3.719614446163177490e-01
6.384590864181518555e-01
5.917444825172424316e-01
4.749788045883178711e-01
7.465456724166870117e-01
4.528739750385284424e-01
4.398222267627716064e-01
6.377052068710327148e-01
4.978435337543487549e-01
5.138972401618957520e-01
4.533146321773529053e-01
4.628941416740417480e-01
4.134571254253387451e-01
3.936045169830322266e-01
5.636368989944458008e-01
4.280346035957336426e-01
3.794594109058380127e-01
3.481676578521728516e-01
3.598285913467407227e-01
3.980166912078857422e-01
3.877233862876892090e-01
5.398740768432617188e-01
4.293929934501647949e-01
4.732848107814788818e-01
4.022868275642395020e-01
2.283829897642135620e-01
4.726692140102386475e-01
3.410997688770294189e-01
3.949463963508605957e-01
4.194782674312591553e-01
5.509114265441894531e-01
5.467849373817443848e-01
3.794029653072357178e-01
4.412250220775604248e-01
4.918967783451080322e-01
4.363087117671966553e-01
3.196230828762054443e-01
4.963417947292327881e-01
4.602881968021392822e-01
5.120400190353393555e-01
3.617422878742218018e-01
4.170329570770263672e-01
4.625445306301116943e-01
5.634484291076660156e-01
4.373971521854400635e-01
4.491236209869384766e-01
6.866081953048706055e-01
4.613142609596252441e-01
4.754965901374816895e-01
5.837247371673583984e-01
4.923620522022247314e-01
5.449392199516296387e-01
3.506548404693603516e-01
6.865422725677490234e-01
7.990712523460388184e-01
5.041251182556152344e-01
4.951346516609191895e-01
2.670571208000183105e-01
4.257254004478454590e-01
5.452975630760192871e-01
4.787809550762176514e-01
5.517395734786987305e-01
3.950720727443695068e-01
2.850573956966400146e-01
3.577026128768920898e-01
4.869786202907562256e-01
3.949327170848846436e-01
4.324792623519897461e-01
4.934759438037872314e-01
4.678647220134735107e-01
4.341059327125549316e-01
6.020035743713378906e-01
3.749822378158569336e-01
7.511998414993286133e-01
3.695941567420959473e-01
4.787670373916625977e-01
3.713135123252868652e-01
4.289936423301696777e-01
4.720589816570281982e-01
4.745086729526519775e-01
5.061066150665283203e-01
3.632738888263702393e-01
4.391066431999206543e-01
4.700064361095428467e-01
4.764669835567474365e-01
3.717066645622253418e-01
4.307389259338378906e-01
3.716385066509246826e-01
3.879372775554656982e-01
3.387520313262939453e-01
4.627674520015716553e-01
4.602404236793518066e-01
6.014559864997863770e-01
8.158297538757324219e-01
4.361720979213714600e-01
3.826267421245574951e-01
5.186203718185424805e-01
5.805842876434326172e-01
3.559980690479278564e-01
5.185220837593078613e-01
5.831753611564636230e-01
3.178502321243286133e-01
4.091053903102874756e-01
4.372383058071136475e-01
4.283182919025421143e-01
4.281028807163238525e-01
4.006586670875549316e-01
4.655579626560211182e-01
3.593136072158813477e-01
4.393076896667480469e-01
6.636917591094970703e-01
3.655708730220794678e-01
5.882674455642700195e-01
2.509178221225738525e-01
4.668950140476226807e-01
4.479586482048034668e-01
4.316753149032592773e-01
3.665987551212310791e-01
4.603968560695648193e-01
2.903203666210174561e-01
6.397736072540283203e-01
3.833691477775573730e-01
5.534327626228332520e-01
5.012159347534179688e-01
4.399876594543457031e-01
5.421240925788879395e-01
4.488199651241302490e-01
4.014517664909362793e-01
3.337069153785705566e-01
4.435480833053588867e-01
2.788263857364654541e-01
2.377186268568038940e-01
2.960280179977416992e-01
4.383280873298645020e-01
3.862706720829010010e-01
3.769951760768890381e-01
5.074225664138793945e-01
6.914978027343750000e-01
3.671229481697082520e-01
4.171426296234130859e-01
4.846023619174957275e-01
4.298066198825836182e-01
5.623351335525512695e-01
3.612543940544128418e-01
6.100009083747863770e-01
3.971340358257293701e-01
4.902943074703216553e-01
3.571443259716033936e-01
5.124455094337463379e-01
4.462155699729919434e-01
3.807654380798339844e-01
3.189757466316223145e-01
4.541706442832946777e-01
5.151265263557434082e-01
3.510915338993072510e-01
4.205001592636108398e-01
3.728720545768737793e-01
2.895967960357666016e-01
2.583169639110565186e-01
6.059764027595520020e-01
4.099750220775604248e-01
4.772444069385528564e-01
4.614346623420715332e-01
5.076632499694824219e-01
2.729611098766326904e-01
3.997304737567901611e-01
5.207569599151611328e-01
5.510707497596740723e-01
2.872760593891143799e-01
4.253281056880950928e-01
3.468183875083923340e-01
4.271598756313323975e-01
3.571269512176513672e-01
4.041293859481811523e-01
3.531050086021423340e-01
3.909118175506591797e-01
3.381747007369995117e-01
4.675508737564086914e-01
4.640161991119384766e-01
5.304793119430541992e-01
5.125309824943542480e-01
3.277634978294372559e-01
4.916389882564544678e-01
5.021104216575622559e-01
2.999451160430908203e-01
3.956119716167449951e-01
4.078174531459808350e-01
3.897259831428527832e-01
4.247498810291290283e-01
3.468243777751922607e-01
4.835996329784393311e-01
4.448294639587402344e-01
5.910423398017883301e-01
5.551693439483642578e-01
4.303657412528991699e-01
5.190192461013793945e-01
4.209612309932708740e-01
4.505418241024017334e-01
3.416908383369445801e-01
3.871482014656066895e-01
5.779134631156921387e-01
4.808214008808135986e-01
5.148974657058715820e-01
4.788657128810882568e-01
4.704040586948394775e-01
3.942629694938659668e-01
3.682738244533538818e-01
5.202464461326599121e-01
6.306005120277404785e-01
3.832514882087707520e-01
3.293314576148986816e-01
5.172496438026428223e-01
3.909573554992675781e-01
4.535494446754455566e-01
5.036259889602661133e-01
3.134850561618804932e-01
3.967446684837341309e-01
5.627619028091430664e-01
3.102394342422485352e-01
3.837314546108245850e-01
4.282272756099700928e-01
4.357697963714599609e-01
2.154069095849990845e-01
5.314474701881408691e-01
6.002246737480163574e-01
8.337548971176147461e-01
4.522491693496704102e-01
4.244739115238189697e-01
2.899168431758880615e-01
4.372260570526123047e-01
4.277274608612060547e-01
3.779071867465972900e-01
4.450017213821411133e-01
4.527138173580169678e-01
4.337928295135498047e-01
4.947064816951751709e-01
4.280250370502471924e-01
4.922864437103271484e-01
3.802887201309204102e-01
4.723631739616394043e-01
4.428586065769195557e-01
5.887136459350585938e-01
4.819442927837371826e-01
4.448123872280120850e-01
5.105215311050415039e-01
4.064250588417053223e-01
4.868572056293487549e-01
4.463995397090911865e-01
3.868443369865417480e-01
4.687811434268951416e-01
2.055176347494125366e-01
4.215603172779083252e-01
3.349153101444244385e-01
4.211392998695373535e-01
3.529660701751708984e-01
