3.831606209278106689e-01
5.934194326400756836e-01
4.744628071784973145e-01
4.196740686893463135e-01
5.280385613441467285e-01
4.962794780731201172e-01
5.004096031188964844e-01
4.906036853790283203e-01
3.970997929573059082e-01
3.907874226570129395e-01
2.729323208332061768e-01
4.211022257804870605e-01
5.346904397010803223e-01
5.201544165611267090e-01
4.760759770870208740e-01
4.404962956905364990e-01
5.998791456222534180e-01
3.076765537261962891e-01
4.631108343601226807e-01
4.111922085285186768e-01
3.556562662124633789e-01
4.748851656913757324e-01
4.848333597183227539e-01
3.905356526374816895e-01
5.077565312385559082e-01
4.997780323028564453e-01
4.521679878234863281e-01
3.818413019180297852e-01
4.717489778995513916e-01
3.678838908672332764e-01
4.091310203075408936e-01
4.893758296966552734e-01
4.239528477191925049e-01
3.828541040420532227e-01
7.031205892562866211e-01
5.019685029983520508e-01
3.950802981853485107e-01
4.987626373767852783e-01
3.729398250579833984e-01
6.210023760795593262e-01
4.575308561325073242e-01
5.174488425254821777e-01
3.648129403591156006e-01
3.956244289875030518e-01
3.463179171085357666e-01
5.042274594306945801e-01
3.807108104228973389e-01
6.061861515045166016e-01
4.304850697517395020e-01
4.682744741439819336e-01
4.341577291488647461e-01
5.115594863891601562e-01
4.924641549587249756e-01
3.937181234359741211e-01
5.723999738693237305e-01
4.677115082740783691e-01
3.955757021903991699e-01
4.065036773681640625e-01
5.177382230758666992e-01
4.443465769290924072e-01
4.309151768684387207e-01
3.806092143058776855e-01
6.121260523796081543e-01
3.834246098995208740e-01
3.685378730297088623e-01
7.589080929756164551e-01
5.141543745994567871e-01
4.493970274925231934e-01
3.655284643173217773e-01
4.564931094646453857e-01
4.961724877357482910e-01
4.345342814922332764e-01
4.710720479488372803e-01
4.287054240703582764e-01
5.221371054649353027e-01
3.851460814476013184e-01
4.352744817733764648e-01
5.233743190765380859e-01
4.174832999706268311e-01
5.057675838470458984e-01
3.155443966388702393e-01
4.083811342716217041e-01
6.603892445564270020e-01
3.905898928642272949e-01
4.693250060081481934e-01
6.479446887969970703e-01
5.034739971160888672e-01
5.691335797309875488e-01
6.388614177703857422e-01
5.309349298477172852e-01
4.108444452285766602e-01
3.550058007240295410e-01
4.515589475631713867e-01
4.574864506721496582e-01
3.832157254219055176e-01
5.825452208518981934e-01
4.737365245819091797e-01
5.702254772186279297e-01
3.192733228206634521e-01
3.973432779312133789e-01
3.701657652854919434e-01
5.013758540153503418e-01
4.297724366188049316e-01
4.996447265148162842e-01
4.781754016876220703e-01
4.222912788391113281e-01
4.881032407283782959e-01
4.283210337162017822e-01
3.964295685291290283e-01
4.122670590877532959e-01
5.669181346893310547e-01
5.155978798866271973e-01
3.576271235942840576e-01
3.645325601100921631e-01
4.943068623542785645e-01
4.474256336688995361e-01
3.254324793815612793e-01
4.195055663585662842e-01
3.576583564281463623e-01
5.537664890289306641e-01
5.339424610137939453e-01
4.087853729724884033e-01
3.673520386219024658e-01
5.038747787475585938e-01
4.245625734329223633e-01
4.003846645355224609e-01
3.305598795413970947e-01
4.963491857051849365e-01
5.585960745811462402e-01
5.987393260002136230e-01
4.961895048618316650e-01
4.404953420162200928e-01
3.438337743282318115e-01
5.754765272140502930e-01
5.623350143432617188e-01
5.923031568527221680e-01
3.852719664573669434e-01
5.161561369895935059e-01
5.056140422821044922e-01
5.231157541275024414e-01
5.610454678535461426e-01
3.351988792419433594e-01
4.195437133312225342e-01
4.963162541389465332e-01
3.225370943546295166e-01
4.362770318984985352e-01
4.401302337646484375e-01
3.552758693695068359e-01
3.901732265949249268e-01
7.591104507446289062e-01
6.523533463478088379e-01
3.468821048736572266e-01
5.980048179626464844e-01
4.198753237724304199e-01
3.649605214595794678e-01
6.570762395858764648e-01
4.780836999416351318e-01
5.289129018783569336e-01
5.684306025505065918e-01
4.458259642124176025e-01
4.241429865360260010e-01
3.331693112850189209e-01
4.449551999568939209e-01
4.777742028236389160e-01
3.979628682136535645e-01
4.058538973331451416e-01
4.695315361022949219e-01
5.023027658462524414e-01
4.095587730407714844e-01
3.213405609130859375e-01
6.638820171356201172e-01
5.938583016395568848e-01
4.309550225734710693e-01
6.209284067153930664e-01
5.484316349029541016e-01
3.953125178813934326e-01
5.950593948364257812e-01
3.448826670646667480e-01
4.800829589366912842e-01
6.080450415611267090e-01
3.790906667709350586e-01
3.866932988166809082e-01
6.030781865119934082e-01
5.535151362419128418e-01
3.791769742965698242e-01
4.024963080883026123e-01
4.887690544128417969e-01
4.348808228969573975e-01
3.485284149646759033e-01
5.764543414115905762e-01
3.543255329132080078e-01
3.858242332935333252e-01
4.416611194610595703e-01
5.172585248947143555e-01
4.367355704307556152e-01
5.480514764785766602e-01
4.619873464107513428e-01
4.103481769561767578e-01
5.787474513053894043e-01
2.790524661540985107e-01
5.256816148757934570e-01
4.946890175342559814e-01
4.023313224315643311e-01
4.957543611526489258e-01
3.311915397644042969e-01
6.696141362190246582e-01
3.052847981452941895e-01
4.746655523777008057e-01
4.843912422657012939e-01
4.090812206268310547e-01
5.457263588905334473e-01
3.720799386501312256e-01
5.383961796760559082e-01
4.191396534442901611e-01
4.339143931865692139e-01
3.851349949836730957e-01
4.958261847496032715e-01
2.574824988842010498e-01
4.620375037193298340e-01
3.918144702911376953e-01
3.091547489166259766e-01
4.853494465351104736e-01
4.560014009475708008e-01
5.723502635955810547e-01
3.951447904109954834e-01
4.861726164817810059e-01
5.173853635787963867e-01
5.802513957023620605e-01
5.193796157836914062e-01
4.701778888702392578e-01
4.568490087985992432e-01
5.120477676391601562e-01
4.692423939704895020e-01
3.038125634193420410e-01
4.465004205703735352e-01
4.062154293060302734e-01
5.828387737274169922e-01
5.692655444145202637e-01
4.528279304504394531e-01
4.482363462448120117e-01
4.036285281181335449e-01
4.282991588115692139e-01
4.817797541618347168e-01
6.712203621864318848e-01
4.044031798839569092e-01
5.211247801780700684e-01
5.411064028739929199e-01
5.304820537567138672e-01
5.248419046401977539e-01
4.509089589118957520e-01
4.676626026630401611e-01
3.891291022300720215e-01
4.882878661155700684e-01
4.256637096405029297e-01
4.017179310321807861e-01
3.983038365840911865e-01
5.640244483947753906e-01
4.672300517559051514e-01
4.724984467029571533e-01
4.396253228187561035e-01
5.412866473197937012e-01
4.422373771667480469e-01
3.900108337402343750e-01
3.190663456916809082e-01
4.413249790668487549e-01
4.852273464202880859e-01
4.325603246688842773e-01
7.246378660202026367e-01
4.649584591388702393e-01
4.882877767086029053e-01
4.387833774089813232e-01
4.283248782157897949e-01
4.465402960777282715e-01
3.682560026645660400e-01
5.801405310630798340e-01
2.013809829950332642e-01
4.426324665546417236e-01
3.616213798522949219e-01
5.357245802879333496e-01
6.951686143875122070e-01
4.566131830215454102e-01
4.010679721832275391e-01
4.129038751125335693e-01
3.120402395725250244e-01
4.639253020286560059e-01
5.089795589447021484e-01
4.339399635791778564e-01
3.759055733680725098e-01
4.020260870456695557e-01
5.888789296150207520e-01
4.651799499988555908e-01
4.324139952659606934e-01
4.964962303638458252e-01
4.924182593822479248e-01
3.206885457038879395e-01
5.515338182449340820e-01
4.692399799823760986e-01
4.001091420650482178e-01
3.614602684974670410e-01
3.652354776859283447e-01
6.569516658782958984e-01
5.609457492828369141e-01
4.878269433975219727e-01
5.122351050376892090e-01
4.512895047664642334e-01
4.376331567764282227e-01
4.340708851814270020e-01
4.480916559696197510e-01
5.508382916450500488e-01
3.273330330848693848e-01
2.590956389904022217e-01
4.628179073333740234e-01
4.685547053813934326e-01
5.609831809997558594e-01
3.415891826152801514e-01
3.971441686153411865e-01
4.478506743907928467e-01
5.477595329284667969e-01
4.754618704319000244e-01
4.229349792003631592e-01
4.311051368713378906e-01
4.970770180225372314e-01
4.262536466121673584e-01
4.917556345462799072e-01
4.572284221649169922e-01
2.906859219074249268e-01
3.211958706378936768e-01
4.683730602264404297e-01
4.298316538333892822e-01
6.583445668220520020e-01
3.825377225875854492e-01
6.794352531433105469e-01
3.529696464538574219e-01
3.693179190158843994e-01
4.056281149387359619e-01
4.569360315799713135e-01
4.992929100990295410e-01
3.892655968666076660e-01
3.519325554370880127e-01
4.837706685066223145e-01
4.541175961494445801e-01
3.730312287807464600e-01
3.820793330669403076e-01
6.102219820022583008e-01
4.442140758037567139e-01
6.117745041847229004e-01
6.209729313850402832e-01
4.349331259727478027e-01
4.847002625465393066e-01
5.581545829772949219e-01
5.167329907417297363e-01
3.759659230709075928e-01
4.306483268737792969e-01
5.140752792358398438e-01
3.898545503616333008e-01
5.716089010238647461e-01
4.556564092636108398e-01
4.587298333644866943e-01
3.574236929416656494e-01
4.927044212818145752e-01
4.118722677230834961e-01
2.719832062721252441e-01
4.113673865795135498e-01
3.752717077732086182e-01
4.292715489864349365e-01
5.409718155860900879e-01
4.573064446449279785e-01
4.490935206413269043e-01
5.193558931350708008e-01
4.739588499069213867e-01
6.455100178718566895e-01
4.123269319534301758e-01
4.214845001697540283e-01
4.391943812370300293e-01
4.430394768714904785e-01
2.914614379405975342e-01
4.122114777565002441e-01
4.624584317207336426e-01
3.538125157356262207e-01
4.876243770122528076e-01
5.928006172180175781e-01
3.902674317359924316e-01
4.300144016742706299e-01
5.657774806022644043e-01
4.884593486785888672e-01
3.882274329662322998e-01
4.260496795177459717e-01
4.440832436084747314e-01
9.838950634002685547e-01
6.017395853996276855e-01
4.227029085159301758e-01
4.206392467021942139e-01
3.758422434329986572e-01
5.305720567703247070e-01
4.416944086551666260e-01
3.974869251251220703e-01
5.235230922698974609e-01
3.792750835418701172e-01
3.260765969753265381e-01
3.830921649932861328e-01
3.738592565059661865e-01
3.747538328170776367e-01
4.529290795326232910e-01
4.615333378314971924e-01
5.116454958915710449e-01
4.898529946804046631e-01
3.613894581794738770e-01
4.309544861316680908e-01
4.029116034507751465e-01
4.979529082775115967e-01
4.448008537292480469e-01
5.355864763259887695e-01
4.836232960224151611e-01
4.692874848842620850e-01
4.643566310405731201e-01
3.609304130077362061e-01
3.987398445606231689e-01
4.622361361980438232e-01
4.842443168163299561e-01
4.476492404937744141e-01
4.325615763664245605e-01
3.412930369377136230e-01
3.232060372829437256e-01
3.830583393573760986e-01
4.581208825111389160e-01
4.416155517101287842e-01
3.432441353797912598e-01
6.707885265350341797e-01
3.613866269588470459e-01
3.000760078430175781e-01
5.058530569076538086e-01
7.413802146911621094e-01
5.320685505867004395e-01
4.712870121002197266e-01
5.669557452201843262e-01
4.636048674583435059e-01
3.413712680339813232e-01
3.513641059398651123e-01
4.130016267299652100e-01
4.390746951103210449e-01
3.701167106628417969e-01
6.382805705070495605e-01
3.325943946838378906e-01
4.213080108165740967e-01
5.273060798645019531e-01
3.994570374488830566e-01
3.059982657432556152e-01
3.524595797061920166e-01
3.651884794235229492e-01
5.530562400817871094e-01
3.847576081752777100e-01
6.026806235313415527e-01
3.469756245613098145e-01
4.007090032100677490e-01
4.475086331367492676e-01
4.168130457401275635e-01
3.802869319915771484e-01
4.409939646720886230e-01
5.366380810737609863e-01
3.178208768367767334e-01
5.202016234397888184e-01
3.722340762615203857e-01
5.480126738548278809e-01
5.741772651672363281e-01
4.587931036949157715e-01
5.299951434135437012e-01
4.833782017230987549e-01
4.487532675266265869e-01
4.331593513488769531e-01
3.972156345844268799e-01
4.751954078674316406e-01
5.013800263404846191e-01
4.309993684291839600e-01
6.112629771232604980e-01
5.088976621627807617e-01
5.563231706619262695e-01
5.322126150131225586e-01
4.295634329319000244e-01
4.101367890834808350e-01
5.708462595939636230e-01
4.350416958332061768e-01
3.245406448841094971e-01
2.530139684677124023e-01
3.628157079219818115e-01
5.765048265457153320e-01
4.812970757484436035e-01
3.016447424888610840e-01
3.637685477733612061e-01
3.632904291152954102e-01
4.279931187629699707e-01
4.949251711368560791e-01
3.928577303886413574e-01
2.484136521816253662e-01
4.924418926239013672e-01
3.885327875614166260e-01
5.295519828796386719e-01
5.490170717239379883e-01
5.290153026580810547e-01
3.462004363536834717e-01
4.796969294548034668e-01
4.577721059322357178e-01
4.976277351379394531e-01
5.289846658706665039e-01
6.432721018791198730e-01
4.565240144729614258e-01
3.803259134292602539e-01
4.788524210453033447e-01
5.372572541236877441e-01
4.050696492195129395e-01
4.012640416622161865e-01
3.823150992393493652e-01
5.269362926483154297e-01
4.556417763233184814e-01
4.931811094284057617e-01
4.231833517551422119e-01
4.518631994724273682e-01
5.598634481430053711e-01
4.906930029392242432e-01
4.053322970867156982e-01
4.881683290004730225e-01
4.542186558246612549e-01
3.875208199024200439e-01
5.238154530525207520e-01
4.703209102153778076e-01
4.444928169250488281e-01
5.469715595245361328e-01
5.407173633575439453e-01
3.673743903636932373e-01
4.726017415523529053e-01
4.401167333126068115e-01
4.730668365955352783e-01
4.877972900867462158e-01
3.848792612552642822e-01
4.024397730827331543e-01
5.143088698387145996e-01
2.793301939964294434e-01
4.384660422801971436e-01
4.860216975212097168e-01
5.628464818000793457e-01
3.951118886470794678e-01
4.875835478305816650e-01
4.782045185565948486e-01
4.195899963378906250e-01
4.149842560291290283e-01
4.553215205669403076e-01
4.107780754566192627e-01
4.917264282703399658e-01
5.045772194862365723e-01
4.632755517959594727e-01
4.111569523811340332e-01
4.632331430912017822e-01
3.974697291851043701e-01
5.397129654884338379e-01
4.601866006851196289e-01
4.005527496337890625e-01
3.569254577159881592e-01
5.326001048088073730e-01
3.769624531269073486e-01
5.049219727516174316e-01
4.961101710796356201e-01
3.568067848682403564e-01
6.098240017890930176e-01
4.984266757965087891e-01
3.932387828826904297e-01
8.638132810592651367e-01
4.575132727622985840e-01
4.680253565311431885e-01
4.878861904144287109e-01
4.594587087631225586e-01
6.165246963500976562e-01
5.301492810249328613e-01
5.583752393722534180e-01
6.315031051635742188e-01
4.974399507045745850e-01
4.412357509136199951e-01
6.117371320724487305e-01
5.257546305656433105e-01
4.728655517101287842e-01
3.231877386569976807e-01
4.114762246608734131e-01
6.265590786933898926e-01
2.758209705352783203e-01
3.624284267425537109e-01
5.011982917785644531e-01
4.311196506023406982e-01
4.540320336818695068e-01
4.638807773590087891e-01
3.449689447879791260e-01
6.236085891723632812e-01
5.855596661567687988e-01
4.040015041828155518e-01
5.111408829689025879e-01
5.700461864471435547e-01
5.126054883003234863e-01
3.723959624767303467e-01
3.987207710742950439e-01
4.211521148681640625e-01
5.012596249580383301e-01
4.355385899543762207e-01
6.258254051208496094e-01
4.765008091926574707e-01
4.351878762245178223e-01
3.852348327636718750e-01
3.719998598098754883e-01
4.465594291687011719e-01
5.179056525230407715e-01
6.775451898574829102e-01
4.532175362110137939e-01
3.521984517574310303e-01
3.867920339107513428e-01
4.684675931930541992e-01
4.695455133914947510e-01
5.284528136253356934e-01
4.604831933975219727e-01
4.797453284263610840e-01
5.058482885360717773e-01
3.564081788063049316e-01
1.016796588897705078e+00
3.553301393985748291e-01
4.142872095108032227e-01
5.140461325645446777e-01
4.762357175350189209e-01
4.533218145370483398e-01
6.820780038833618164e-01
7.678701281547546387e-01
4.247575998306274414e-01
3.905870914459228516e-01
4.687631130218505859e-01
4.258174002170562744e-01
4.345012605190277100e-01
4.317839443683624268e-01
5.968912243843078613e-01
5.339298844337463379e-01
4.509002566337585449e-01
4.704021513462066650e-01
5.785094499588012695e-01
4.276131093502044678e-01
5.255884528160095215e-01
3.599995076656341553e-01
4.344537556171417236e-01
4.514292180538177490e-01
3.499197959899902344e-01
3.000342845916748047e-01
3.383283913135528564e-01
3.943763971328735352e-01
3.882431089878082275e-01
5.962252020835876465e-01
5.083596706390380859e-01
4.315733611583709717e-01
4.294769763946533203e-01
4.486611783504486084e-01
2.655453383922576904e-01
4.098369479179382324e-01
5.421559214591979980e-01
4.434182941913604736e-01
6.431013941764831543e-01
5.572616457939147949e-01
4.794370234012603760e-01
4.671676754951477051e-01
4.359387457370758057e-01
4.180895686149597168e-01
4.653288125991821289e-01
4.502376317977905273e-01
6.876261234283447266e-01
4.649711251258850098e-01
3.659427165985107422e-01
8.250423073768615723e-01
9.956659674644470215e-01
5.081487298011779785e-01
3.343347311019897461e-01
4.773008525371551514e-01
4.521926045417785645e-01
4.407672584056854248e-01
4.438724219799041748e-01
5.003716945648193359e-01
4.371968805789947510e-01
4.204571843147277832e-01
4.548758268356323242e-01
3.970974087715148926e-01
4.747693538665771484e-01
3.872671723365783691e-01
4.179486930370330811e-01
4.611382484436035156e-01
4.552700519561767578e-01
4.425575137138366699e-01
3.649233281612396240e-01
4.852539896965026855e-01
5.738259553909301758e-01
4.311581552028656006e-01
3.945839107036590576e-01
5.378243327140808105e-01
2.960037589073181152e-01
4.793026149272918701e-01
4.073851704597473145e-01
5.055791735649108887e-01
5.309737920761108398e-01
4.153358340263366699e-01
4.750469028949737549e-01
2.977487146854400635e-01
5.124400258064270020e-01
2.037831097841262817e-01
4.056500494480133057e-01
6.456516385078430176e-01
5.048699378967285156e-01
3.226014077663421631e-01
4.406859874725341797e-01
5.577766895294189453e-01
2.742432653903961182e-01
5.613409280776977539e-01
3.847839832305908203e-01
4.496097862720489502e-01
5.875835418701171875e-01
6.093563437461853027e-01
4.319340884685516357e-01
4.282888770103454590e-01
4.020580351352691650e-01
4.205279946327209473e-01
4.057863056659698486e-01
3.830237984657287598e-01
4.635970890522003174e-01
4.278684258460998535e-01
4.137404263019561768e-01
4.780693352222442627e-01
4.745614826679229736e-01
4.853711724281311035e-01
4.826561212539672852e-01
4.166508018970489502e-01
4.860895574092864990e-01
2.311298251152038574e-01
4.290947020053863525e-01
4.168878197669982910e-01
3.573072254657745361e-01
4.742723107337951660e-01
4.020418822765350342e-01
4.096637368202209473e-01
5.181999802589416504e-01
4.335457980632781982e-01
5.170177221298217773e-01
3.568608164787292480e-01
4.614160358905792236e-01
4.340806603431701660e-01
4.171997308731079102e-01
4.214347898960113525e-01
4.443400204181671143e-01
4.279391169548034668e-01
3.948916494846343994e-01
4.386785328388214111e-01
3.528390526771545410e-01
3.236129581928253174e-01
3.997611999511718750e-01
5.337610244750976562e-01
4.159949421882629395e-01
5.340520143508911133e-01
6.881693601608276367e-01
4.763834476470947266e-01
3.610443472862243652e-01
4.297011196613311768e-01
3.881598114967346191e-01
8.184059858322143555e-01
3.606835901737213135e-01
5.343333482742309570e-01
5.218351483345031738e-01
4.797409474849700928e-01
4.474971592426300049e-01
4.716275632381439209e-01
4.991133511066436768e-01
5.324213504791259766e-01
4.884093999862670898e-01
4.929065406322479248e-01
4.723113775253295898e-01
5.773147940635681152e-01
4.425157308578491211e-01
5.764424204826354980e-01
4.929913878440856934e-01
5.153346657752990723e-01
4.235671758651733398e-01
4.519401192665100098e-01
3.011139035224914551e-01
4.801564216613769531e-01
4.265373647212982178e-01
4.006173610687255859e-01
5.532842874526977539e-01
5.446027517318725586e-01
5.642024874687194824e-01
4.305455982685089111e-01
4.121651053428649902e-01
4.186654090881347656e-01
5.049779415130615234e-01
3.707168400287628174e-01
4.646897614002227783e-01
5.481854081153869629e-01
4.599492847919464111e-01
4.826322197914123535e-01
2.295969873666763306e-01
4.178989231586456299e-01
4.570731818675994873e-01
4.347255527973175049e-01
3.699052035808563232e-01
2.584832012653350830e-01
4.729428589344024658e-01
4.758493006229400635e-01
3.772723972797393799e-01
2.258109599351882935e-01
3.180291950702667236e-01
5.067535042762756348e-01
7.176612615585327148e-01
5.731780529022216797e-01
3.990046083927154541e-01
5.099987983703613281e-01
5.071690082550048828e-01
6.504018902778625488e-01
4.113544523715972900e-01
4.600492119789123535e-01
3.697929680347442627e-01
3.823356628417968750e-01
3.428288400173187256e-01
5.830000638961791992e-01
5.159034729003906250e-01
2.899730205535888672e-01
4.077365696430206299e-01
3.441785275936126709e-01
4.107883572578430176e-01
4.194891750812530518e-01
4.905606806278228760e-01
5.423635244369506836e-01
5.831439495086669922e-01
3.452629148960113525e-01
2.979964911937713623e-01
4.386534094810485840e-01
3.821188807487487793e-01
4.115154445171356201e-01
6.378445625305175781e-01
3.721655607223510742e-01
4.296461939811706543e-01
4.921896159648895264e-01
4.000198841094970703e-01
3.414946198463439941e-01
4.742875397205352783e-01
4.177512228488922119e-01
5.700161457061767578e-01
4.626301229000091553e-01
3.523309528827667236e-01
4.478071928024291992e-01
6.667075753211975098e-01
4.228338897228240967e-01
4.660709500312805176e-01
5.405262708663940430e-01
4.392949342727661133e-01
4.031114280223846436e-01
5.903627276420593262e-01
3.922446966171264648e-01
5.638077855110168457e-01
4.447602331638336182e-01
3.312252461910247803e-01
4.328426122665405273e-01
4.041073024272918701e-01
5.235528349876403809e-01
3.959071040153503418e-01
5.126802921295166016e-01
4.767667353153228760e-01
5.665041208267211914e-01
3.705746829509735107e-01
3.671478629112243652e-01
3.991672694683074951e-01
4.360486567020416260e-01
5.026929974555969238e-01
2.802431583404541016e-01
5.484865307807922363e-01
5.258631110191345215e-01
4.468806385993957520e-01
4.024324119091033936e-01
5.093727707862854004e-01
3.132448494434356689e-01
6.656149029731750488e-01
6.632240414619445801e-01
6.637437939643859863e-01
4.820705056190490723e-01
5.426083207130432129e-01
5.769435167312622070e-01
6.674927473068237305e-01
4.786821901798248291e-01
5.035130977630615234e-01
6.338801383972167969e-01
4.437174499034881592e-01
4.459324181079864502e-01
4.882857203483581543e-01
5.182794332504272461e-01
3.698730468750000000e-01
3.563885688781738281e-01
4.557328522205352783e-01
5.285080671310424805e-01
3.795423209667205811e-01
4.735426604747772217e-01
6.229419112205505371e-01
2.482606321573257446e-01
6.661006212234497070e-01
3.477021753787994385e-01
3.779380619525909424e-01
6.571413278579711914e-01
4.971317350864410400e-01
2.881730198860168457e-01
3.878677189350128174e-01
4.889176785945892334e-01
3.902037441730499268e-01
4.872925281524658203e-01
4.733697175979614258e-01
3.778599798679351807e-01
5.523366332054138184e-01
4.887075722217559814e-01
5.798283219337463379e-01
5.251448750495910645e-01
4.322007894515991211e-01
6.146814227104187012e-01
3.875099122524261475e-01
3.761838376522064209e-01
4.715301394462585449e-01
4.366804957389831543e-01
3.166154623031616211e-01
6.663703918457031250e-01
5.505684614181518555e-01
3.204970359802246094e-01
4.705765247344970703e-01
4.690456390380859375e-01
4.550584256649017334e-01
5.674456954002380371e-01
7.983914613723754883e-01
5.125446915626525879e-01
3.862805366516113281e-01
5.252550840377807617e-01
4.680894017219543457e-01
4.392258822917938232e-01
6.210237145423889160e-01
5.474032759666442871e-01
3.566695749759674072e-01
4.528440237045288086e-01
4.592218101024627686e-01
6.380947828292846680e-01
4.806812703609466553e-01
4.602432548999786377e-01
3.951834440231323242e-01
5.005174279212951660e-01
4.050004780292510986e-01
7.721396684646606445e-01
5.082564949989318848e-01
6.395128369331359863e-01
6.422042250633239746e-01
3.128713071346282959e-01
4.603654146194458008e-01
5.419588685035705566e-01
4.947005212306976318e-01
3.921918272972106934e-01
5.209913253784179688e-01
6.399496197700500488e-01
4.855852723121643066e-01
3.581287562847137451e-01
4.751077294349670410e-01
4.154041111469268799e-01
4.713609218597412109e-01
5.234918594360351562e-01
6.587892770767211914e-01
3.954188227653503418e-01
4.478656649589538574e-01
4.125936925411224365e-01
4.593893289566040039e-01
5.249852538108825684e-01
3.869078457355499268e-01
4.524121880531311035e-01
5.805025100708007812e-01
3.613895177841186523e-01
5.132024884223937988e-01
5.327930450439453125e-01
4.791181087493896484e-01
5.119712352752685547e-01
4.646654725074768066e-01
4.250777065753936768e-01
4.106673002243041992e-01
2.940351366996765137e-01
4.731196165084838867e-01
4.334331154823303223e-01
3.538039028644561768e-01
5.196871161460876465e-01
4.027417600154876709e-01
3.164848685264587402e-01
3.650296628475189209e-01
4.776594638824462891e-01
5.197719931602478027e-01
3.831349313259124756e-01
5.567970871925354004e-01
5.433762073516845703e-01
4.872880280017852783e-01
4.193449914455413818e-01
5.085738301277160645e-01
3.793816864490509033e-01
4.588471651077270508e-01
4.625232219696044922e-01
4.547794163227081299e-01
4.628905057907104492e-01
4.908444583415985107e-01
4.674164950847625732e-01
2.693500518798828125e-01
4.514333307743072510e-01
4.069714546203613281e-01
4.271706044673919678e-01
4.514662623405456543e-01
3.553130030632019043e-01
3.329097926616668701e-01
5.212293267250061035e-01
4.722220897674560547e-01
4.612052738666534424e-01
5.277051925659179688e-01
4.864493906497955322e-01
4.773281514644622803e-01
4.674189686775207520e-01
4.768802225589752197e-01
3.696030974388122559e-01
4.162929654121398926e-01
4.820641875267028809e-01
4.148958623409271240e-01
3.740814030170440674e-01
4.767940342426300049e-01
5.474945902824401855e-01
4.243050813674926758e-01
3.418048024177551270e-01
6.180388927459716797e-01
4.660822749137878418e-01
4.138359129428863525e-01
3.505227863788604736e-01
3.407277464866638184e-01
4.427922368049621582e-01
3.025895655155181885e-01
3.472045660018920898e-01
5.255872011184692383e-01
5.868784189224243164e-01
4.849025607109069824e-01
4.282023310661315918e-01
4.906604290008544922e-01
4.906570315361022949e-01
4.985274374485015869e-01
4.025449454784393311e-01
3.453375399112701416e-01
4.428213834762573242e-01
2.906573116779327393e-01
3.697073757648468018e-01
4.520982205867767334e-01
6.070469617843627930e-01
5.379433035850524902e-01
4.747500121593475342e-01
3.531884253025054932e-01
6.045799255371093750e-01
5.057207942008972168e-01
6.240888833999633789e-01
7.723585367202758789e-01
5.257983207702636719e-01
3.279817104339599609e-01
4.282711446285247803e-01
4.535826444625854492e-01
3.618308007717132568e-01
4.821508228778839111e-01
5.217670798301696777e-01
4.568444192409515381e-01
3.380555510520935059e-01
5.687882304191589355e-01
6.433379650115966797e-01
4.077487885951995850e-01
1.156198382377624512e+00
4.193749725818634033e-01
5.190731883049011230e-01
4.295735359191894531e-01
3.801787197589874268e-01
3.608614802360534668e-01
5.433033704757690430e-01
4.057819247245788574e-01
3.758952617645263672e-01
5.330697894096374512e-01
4.300628602504730225e-01
6.217888593673706055e-01
2.771554589271545410e-01
5.464166402816772461e-01
4.819039404392242432e-01
5.925497412681579590e-01
4.957895576953887939e-01
4.084060192108154297e-01
6.195845007896423340e-01
4.167672395706176758e-01
4.895214438438415527e-01
4.359360635280609131e-01
5.312122702598571777e-01
4.869388639926910400e-01
4.533641934394836426e-01
6.441977620124816895e-01
4.058030247688293457e-01
5.272240042686462402e-01
4.237715303897857666e-01
6.964044570922851562e-01
4.084524810314178467e-01
5.385892987251281738e-01
6.050657033920288086e-01
5.047503709793090820e-01
5.065925121307373047e-01
5.162528753280639648e-01
5.318422913551330566e-01
3.893460929393768311e-01
4.422768950462341309e-01
3.152694106101989746e-01
3.787846863269805908e-01
5.099843740463256836e-01
9.637077450752258301e-01
4.454473257064819336e-01
5.243070721626281738e-01
5.582333803176879883e-01
4.193371832370758057e-01
7.424320578575134277e-01
2.423242479562759399e-01
4.038679599761962891e-01
4.090867042541503906e-01
5.346831679344177246e-01
5.166190862655639648e-01
5.841975212097167969e-01
6.071341633796691895e-01
4.093163013458251953e-01
5.450671315193176270e-01
4.758850336074829102e-01
5.250092744827270508e-01
3.774651587009429932e-01
4.784812927246093750e-01
3.413722813129425049e-01
4.991494417190551758e-01
5.718110799789428711e-01
3.862599432468414307e-01
4.464672505855560303e-01
4.211895465850830078e-01
7.486397624015808105e-01
6.108554005622863770e-01
4.644531309604644775e-01
4.674547612667083740e-01
5.385011434555053711e-01
3.705943226814270020e-01
3.652117252349853516e-01
4.453229606151580811e-01
4.729702174663543701e-01
4.040271937847137451e-01
3.707792460918426514e-01
4.393790066242218018e-01
6.519691348075866699e-01
5.269911885261535645e-01
4.609447121620178223e-01
4.383393228054046631e-01
4.942630827426910400e-01
4.840991795063018799e-01
4.248659908771514893e-01
4.533948004245758057e-01
5.034104585647583008e-01
3.030499815940856934e-01
5.798000693321228027e-01
5.241784453392028809e-01
3.547795712947845459e-01
3.838306367397308350e-01
4.573166072368621826e-01
4.947611093521118164e-01
3.669793903827667236e-01
5.636962652206420898e-01
4.723980426788330078e-01
4.147427082061767578e-01
3.329802453517913818e-01
3.968858420848846436e-01
5.331358909606933594e-01
3.931854367256164551e-01
4.599750638008117676e-01
5.130865573883056641e-01
2.286285459995269775e-01
4.429502785205841064e-01
3.687851428985595703e-01
4.434415102005004883e-01
4.605134129524230957e-01
5.168348550796508789e-01
4.075163900852203369e-01
4.211325645446777344e-01
4.466300606727600098e-01
5.091430544853210449e-01
6.799293756484985352e-01
5.254108905792236328e-01
2.644511759281158447e-01
4.463038146495819092e-01
4.090067744255065918e-01
3.957086205482482910e-01
5.466365218162536621e-01
5.239104032516479492e-01
5.574310421943664551e-01
3.693324625492095947e-01
8.455501198768615723e-01
5.385186076164245605e-01
4.905170500278472900e-01
5.108138322830200195e-01
4.234504699707031250e-01
4.070602357387542725e-01
5.071845054626464844e-01
7.109146714210510254e-01
5.818943381309509277e-01
5.593566894531250000e-01
5.384295582771301270e-01
4.387386441230773926e-01
4.595625102519989014e-01
4.888705015182495117e-01
3.971209526062011719e-01
3.869201242923736572e-01
3.850764036178588867e-01
4.143911004066467285e-01
6.530154347419738770e-01
3.811638057231903076e-01
5.072333216667175293e-01
5.541450977325439453e-01
3.929697573184967041e-01
5.255464911460876465e-01
5.368148088455200195e-01
3.823793232440948486e-01
4.890916347503662109e-01
4.649921357631683350e-01
4.004916846752166748e-01
4.108169376850128174e-01
6.055908799171447754e-01
3.749651610851287842e-01
3.016866743564605713e-01
4.862813651561737061e-01
4.412474334239959717e-01
4.404765665531158447e-01
4.808296263217926025e-01
5.188834667205810547e-01
4.690270423889160156e-01
4.721480309963226318e-01
5.623732209205627441e-01
4.346297383308410645e-01
5.899145007133483887e-01
4.220134615898132324e-01
3.804754018783569336e-01
6.093220710754394531e-01
4.258357584476470947e-01
6.267356276512145996e-01
4.973871409893035889e-01
4.068484008312225342e-01
4.566730260848999023e-01
3.842436373233795166e-01
4.064884483814239502e-01
6.121432781219482422e-01
5.826196074485778809e-01
4.271138310432434082e-01
4.987913370132446289e-01
4.207550287246704102e-01
4.122872352600097656e-01
4.653603732585906982e-01
4.570485651493072510e-01
4.015393853187561035e-01
6.084567308425903320e-01
4.255450069904327393e-01
3.993390500545501709e-01
5.928690433502197266e-01
3.711500465869903564e-01
4.476944208145141602e-01
5.574217438697814941e-01
4.138256311416625977e-01
5.043781995773315430e-01
4.527210593223571777e-01
2.663909494876861572e-01
4.747459888458251953e-01
4.023034572601318359e-01
3.823702037334442139e-01
4.032867252826690674e-01
4.844412803649902344e-01
5.230984091758728027e-01
4.285733699798583984e-01
3.951846659183502197e-01
3.726587593555450439e-01
3.893573880195617676e-01
4.404229521751403809e-01
5.349824428558349609e-01
3.356194794178009033e-01
3.992294073104858398e-01
5.134581923484802246e-01
4.981414973735809326e-01
5.038045644760131836e-01
4.309725761413574219e-01
3.152034282684326172e-01
4.497090280055999756e-01
5.245688557624816895e-01
4.687294065952301025e-01
4.757990539073944092e-01
4.594943523406982422e-01
4.244428873062133789e-01
4.295083582401275635e-01
3.841023743152618408e-01
3.686665892601013184e-01
4.575038552284240723e-01
4.111226797103881836e-01
2.521893084049224854e-01
3.431823849678039551e-01
3.772253692150115967e-01
4.093664586544036865e-01
2.819424867630004883e-01
5.699632763862609863e-01
4.556060731410980225e-01
4.543285071849822998e-01
3.847019672393798828e-01
5.382972955703735352e-01
6.256031394004821777e-01
4.991204142570495605e-01
5.613355040550231934e-01
4.199477732181549072e-01
3.910456001758575439e-01
5.226936936378479004e-01
3.561175167560577393e-01
6.235185861587524414e-01
3.704088032245635986e-01
5.175391435623168945e-01
6.365871429443359375e-01
5.374793410301208496e-01
4.296758472919464111e-01
4.380184412002563477e-01
3.998529613018035889e-01
4.548605680465698242e-01
4.115310609340667725e-01
4.442958831787109375e-01
5.446277260780334473e-01
4.574901163578033447e-01
5.650179982185363770e-01
4.902583062648773193e-01
6.672416329383850098e-01
4.858836233615875244e-01
4.346216619014739990e-01
4.693996012210845947e-01
4.974477589130401611e-01
4.463893771171569824e-01
3.748877346515655518e-01
6.422217488288879395e-01
3.242597877979278564e-01
5.157282948493957520e-01
5.360188484191894531e-01
4.008200168609619141e-01
4.735954403877258301e-01
4.850129783153533936e-01
4.652342200279235840e-01
4.565501809120178223e-01
5.637317299842834473e-01
4.127294719219207764e-01
3.245035409927368164e-01
3.322306275367736816e-01
2.879599630832672119e-01
4.760392606258392334e-01
4.801318943500518799e-01
4.081367254257202148e-01
4.949055016040802002e-01
4.827377796173095703e-01
4.467459619045257568e-01
6.037485003471374512e-01
3.970369696617126465e-01
3.584748208522796631e-01
4.319441318511962891e-01
4.562637507915496826e-01
4.383628368377685547e-01
4.215902090072631836e-01
4.153916239738464355e-01
2.285856902599334717e-01
4.451174736022949219e-01
4.821914434432983398e-01
5.281518697738647461e-01
3.985182046890258789e-01
4.760881066322326660e-01
3.935128450393676758e-01
3.345421254634857178e-01
4.171382784843444824e-01
5.695430040359497070e-01
4.045553505420684814e-01
4.664769470691680908e-01
4.173183739185333252e-01
4.724085330963134766e-01
3.415111899375915527e-01
3.855712711811065674e-01
5.708050131797790527e-01
4.760087728500366211e-01
5.732349753379821777e-01
4.936665892601013184e-01
4.806270301342010498e-01
5.002135634422302246e-01
4.243623912334442139e-01
4.498295187950134277e-01
5.037748217582702637e-01
5.199010372161865234e-01
4.474885761737823486e-01
4.313511848449707031e-01
3.956393897533416748e-01
4.941925406455993652e-01
3.802950382232666016e-01
4.161750972270965576e-01
5.548933148384094238e-01
4.593060612678527832e-01
4.231046438217163086e-01
5.283920168876647949e-01
5.089844465255737305e-01
6.519387960433959961e-01
4.505130946636199951e-01
4.281720817089080811e-01
4.459412992000579834e-01
4.621320962905883789e-01
3.998607695102691650e-01
4.581483304500579834e-01
4.485104978084564209e-01
6.807955503463745117e-01
3.732675909996032715e-01
5.518475770950317383e-01
5.198646187782287598e-01
5.836493968963623047e-01
3.343752622604370117e-01
5.198527574539184570e-01
5.682926774024963379e-01
3.817147910594940186e-01
4.084807932376861572e-01
5.690882802009582520e-01
6.131426095962524414e-01
5.297874808311462402e-01
6.218975186347961426e-01
4.107900857925415039e-01
4.323046505451202393e-01
6.558528542518615723e-01
4.933892786502838135e-01
6.617074012756347656e-01
4.195208251476287842e-01
4.698081016540527344e-01
5.566662549972534180e-01
4.724051952362060547e-01
4.357322752475738525e-01
5.782885551452636719e-01
4.398370087146759033e-01
6.895520091056823730e-01
4.076600074768066406e-01
3.979128897190093994e-01
4.489578306674957275e-01
5.128656625747680664e-01
3.732765614986419678e-01
4.179072976112365723e-01
4.907477200031280518e-01
4.475316107273101807e-01
5.596901774406433105e-01
4.676508307456970215e-01
4.907537698745727539e-01
5.765976905822753906e-01
3.966308236122131348e-01
5.544369816780090332e-01
3.515079915523529053e-01
3.462520539760589600e-01
5.032981038093566895e-01
3.816511332988739014e-01
4.558350741863250732e-01
4.971703886985778809e-01
4.669195413589477539e-01
5.177541971206665039e-01
4.654282927513122559e-01
3.901773095130920410e-01
5.881757140159606934e-01
4.268914759159088135e-01
4.189529120922088623e-01
4.252909719944000244e-01
4.396107792854309082e-01
5.257467627525329590e-01
4.134876430034637451e-01
8.238103389739990234e-01
4.331719875335693359e-01
3.523762822151184082e-01
4.452825188636779785e-01
3.465130031108856201e-01
5.211607217788696289e-01
4.043225347995758057e-01
5.807596445083618164e-01
5.770233869552612305e-01
4.390108585357666016e-01
4.442276954650878906e-01
5.072763562202453613e-01
5.340828895568847656e-01
5.402443408966064453e-01
3.965512216091156006e-01
4.375856220722198486e-01
4.795978367328643799e-01
4.336977899074554443e-01
4.775851964950561523e-01
5.141971111297607422e-01
4.251293241977691650e-01
4.081725180149078369e-01
3.641513586044311523e-01
4.924625158309936523e-01
4.548261463642120361e-01
3.605586886405944824e-01
4.050056636333465576e-01
4.817846715450286865e-01
3.830448091030120850e-01
4.975276589393615723e-01
6.159808635711669922e-01
4.922358989715576172e-01
3.833597898483276367e-01
4.096053242683410645e-01
5.598261952400207520e-01
6.404120922088623047e-01
5.071214437484741211e-01
4.316757023334503174e-01
7.020716667175292969e-01
8.655043840408325195e-01
4.480511546134948730e-01
6.484508514404296875e-01
4.442898929119110107e-01
3.440027534961700439e-01
4.637080729007720947e-01
4.543901979923248291e-01
5.370072126388549805e-01
2.952826321125030518e-01
4.926405847072601318e-01
2.013103514909744263e-01
3.277424275875091553e-01
4.841933250427246094e-01
5.667058825492858887e-01
4.275057017803192139e-01
5.193151831626892090e-01
4.672624766826629639e-01
4.642281830310821533e-01
4.176243245601654053e-01
3.258072435855865479e-01
4.365589320659637451e-01
3.992947638034820557e-01
5.345883369445800781e-01
4.487376213073730469e-01
4.362333714962005615e-01
3.774711787700653076e-01
3.959200382232666016e-01
4.799537360668182373e-01
4.804271757602691650e-01
3.944352269172668457e-01
5.462335944175720215e-01
5.559248924255371094e-01
4.521564245223999023e-01
3.953073918819427490e-01
3.229548037052154541e-01
4.230586588382720947e-01
4.351803958415985107e-01
5.100610852241516113e-01
3.130682110786437988e-01
6.264181733131408691e-01
5.406119227409362793e-01
4.541813135147094727e-01
4.322164356708526611e-01
7.448586225509643555e-01
3.350945711135864258e-01
5.832967758178710938e-01
3.827933073043823242e-01
3.591357767581939697e-01
5.239125490188598633e-01
3.859991431236267090e-01
2.659395039081573486e-01
4.356505274772644043e-01
3.348609507083892822e-01
4.351925253868103027e-01
4.243085086345672607e-01
8.633062243461608887e-01
6.319662928581237793e-01
3.584408760070800781e-01
4.298370480537414551e-01
4.455550014972686768e-01
5.179187059402465820e-01
3.888366222381591797e-01
3.290028572082519531e-01
3.091834187507629395e-01
3.309555351734161377e-01
4.370395243167877197e-01
3.648864328861236572e-01
3.390313088893890381e-01
4.133676290512084961e-01
5.347169041633605957e-01
4.878669679164886475e-01
2.873066365718841553e-01
4.595280885696411133e-01
5.721158385276794434e-01
4.502295553684234619e-01
5.270920991897583008e-01
4.373044073581695557e-01
3.928750753402709961e-01
3.705232441425323486e-01
3.883779346942901611e-01
4.858428537845611572e-01
3.259483277797698975e-01
4.286418557167053223e-01
3.745242655277252197e-01
4.793181121349334717e-01
4.605758786201477051e-01
7.380729913711547852e-01
5.301084518432617188e-01
4.817470312118530273e-01
4.553643465042114258e-01
5.564104318618774414e-01
4.547341465950012207e-01
4.281300902366638184e-01
5.534867048263549805e-01
5.184547901153564453e-01
3.836239278316497803e-01
5.023742914199829102e-01
3.891604542732238770e-01
4.407115578651428223e-01
6.112440228462219238e-01
4.447963535785675049e-01
6.384655833244323730e-01
5.323438644409179688e-01
4.859312474727630615e-01
5.094151496887207031e-01
5.181161165237426758e-01
4.637921750545501709e-01
4.236740171909332275e-01
3.918472230434417725e-01
5.442456007003784180e-01
4.679695367813110352e-01
6.140627861022949219e-01
5.677543282508850098e-01
4.063658416271209717e-01
3.722352385520935059e-01
4.236624836921691895e-01
3.873129785060882568e-01
2.946988642215728760e-01
3.917471766471862793e-01
4.976273775100708008e-01
4.358784854412078857e-01
4.564450681209564209e-01
3.394917547702789307e-01
5.682530403137207031e-01
4.002540409564971924e-01
3.278915882110595703e-01
3.938981294631958008e-01
6.000170707702636719e-01
6.004208922386169434e-01
4.479640722274780273e-01
3.826803565025329590e-01
3.720504641532897949e-01
4.829967617988586426e-01
4.498440623283386230e-01
4.562895894050598145e-01
4.468898773193359375e-01
4.872497916221618652e-01
5.092121362686157227e-01
4.979574382305145264e-01
4.487411081790924072e-01
4.459184408187866211e-01
5.313065052032470703e-01
6.327444911003112793e-01
3.373525440692901611e-01
4.121279716491699219e-01
3.784239888191223145e-01
5.050665140151977539e-01
3.958768248558044434e-01
4.591373205184936523e-01
4.845131039619445801e-01
3.580856323242187500e-01
5.279928445816040039e-01
3.510001301765441895e-01
5.138751864433288574e-01
5.024015307426452637e-01
4.267930090427398682e-01
5.166200995445251465e-01
3.722887635231018066e-01
4.156625270843505859e-01
4.572190940380096436e-01
3.618900477886199951e-01
6.674333810806274414e-01
6.196497678756713867e-01
5.208942294120788574e-01
4.365422129631042480e-01
4.855328798294067383e-01
5.798777937889099121e-01
5.476042032241821289e-01
4.491569697856903076e-01
5.285622477531433105e-01
5.046392679214477539e-01
3.811314105987548828e-01
4.460427761077880859e-01
5.352939963340759277e-01
5.077326297760009766e-01
5.422632694244384766e-01
4.915900826454162598e-01
7.404736876487731934e-01
4.502133727073669434e-01
4.435308277606964111e-01
6.792574524879455566e-01
4.594517052173614502e-01
4.424777626991271973e-01
4.647701680660247803e-01
4.439534246921539307e-01
4.728954434394836426e-01
5.206208229064941406e-01
3.780674934387207031e-01
5.411313772201538086e-01
1.810664087533950806e-01
3.982059955596923828e-01
5.645427703857421875e-01
3.741253018379211426e-01
3.246850967407226562e-01
4.408209323883056641e-01
3.846939504146575928e-01
4.418361783027648926e-01
6.360754966735839844e-01
4.062249362468719482e-01
5.266636610031127930e-01
5.865919589996337891e-01
4.648959040641784668e-01
5.386437773704528809e-01
4.254496395587921143e-01
3.818378448486328125e-01
5.046856403350830078e-01
3.812044560909271240e-01
5.450325608253479004e-01
3.770343959331512451e-01
3.458300530910491943e-01
7.069199085235595703e-01
4.258705377578735352e-01
3.476358056068420410e-01
4.584766626358032227e-01
5.193944573402404785e-01
4.251096546649932861e-01
4.630063772201538086e-01
4.319813251495361328e-01
3.177259266376495361e-01
3.527862727642059326e-01
4.035751819610595703e-01
4.951899051666259766e-01
4.501039087772369385e-01
4.342698156833648682e-01
6.276264786720275879e-01
4.229282736778259277e-01
4.317194819450378418e-01
4.279723167419433594e-01
4.884295463562011719e-01
5.959066748619079590e-01
3.250341117382049561e-01
6.085607409477233887e-01
3.639972507953643799e-01
4.943433403968811035e-01
4.420341551303863525e-01
4.449024498462677002e-01
2.591059505939483643e-01
4.487072229385375977e-01
3.619431853294372559e-01
3.361710608005523682e-01
5.848761796951293945e-01
4.767979681491851807e-01
5.004568099975585938e-01
3.984498679637908936e-01
3.686776459217071533e-01
4.418680369853973389e-01
4.715990722179412842e-01
4.838781952857971191e-01
5.467964410781860352e-01
5.061538219451904297e-01
4.606783092021942139e-01
5.053941607475280762e-01
4.793959259986877441e-01
4.287027120590209961e-01
4.960522651672363281e-01
4.063355922698974609e-01
5.020522475242614746e-01
3.555465340614318848e-01
4.787298440933227539e-01
5.107473134994506836e-01
4.541966617107391357e-01
4.755603969097137451e-01
4.791528284549713135e-01
4.369840025901794434e-01
3.848972022533416748e-01
3.816998004913330078e-01
4.870475828647613525e-01
4.034444987773895264e-01
4.003856480121612549e-01
5.090457797050476074e-01
5.095489621162414551e-01
4.442127346992492676e-01
4.596173465251922607e-01
5.086492300033569336e-01
3.817419707775115967e-01
6.085014939308166504e-01
5.525888800621032715e-01
4.274438619613647461e-01
4.274334013462066650e-01
4.146650135517120361e-01
4.887279868125915527e-01
3.782119452953338623e-01
4.412778317928314209e-01
6.885588765144348145e-01
3.849555552005767822e-01
5.787576436996459961e-01
2.572832405567169189e-01
4.258827269077301025e-01
5.150573849678039551e-01
3.907205164432525635e-01
4.794963002204895020e-01
3.744053840637207031e-01
4.191500544548034668e-01
6.118763685226440430e-01
5.764285922050476074e-01
5.128955245018005371e-01
8.418627381324768066e-01
4.210219979286193848e-01
5.326974987983703613e-01
5.693036317825317383e-01
5.503711104393005371e-01
4.419063925743103027e-01
4.357411563396453857e-01
4.232846796512603760e-01
4.446834921836853027e-01
4.063772857189178467e-01
5.578456521034240723e-01
3.888774812221527100e-01
3.505382537841796875e-01
3.372980952262878418e-01
3.964561820030212402e-01
4.089882075786590576e-01
4.259951412677764893e-01
5.317650437355041504e-01
4.618765413761138916e-01
5.083470344543457031e-01
4.169666767120361328e-01
2.448658049106597900e-01
4.247151315212249756e-01
3.832240700721740723e-01
4.081123173236846924e-01
4.543780386447906494e-01
4.982190132141113281e-01
5.500292778015136719e-01
3.924140036106109619e-01
4.129736721515655518e-01
4.159431457519531250e-01
4.354387521743774414e-01
3.392235636711120605e-01
5.198874473571777344e-01
4.836952388286590576e-01
4.901065826416015625e-01
3.797738552093505859e-01
3.849530816078186035e-01
4.002355039119720459e-01
5.985606312751770020e-01
4.291125237941741943e-01
4.083128571510314941e-01
6.851850748062133789e-01
4.350527524948120117e-01
4.344391822814941406e-01
5.408201813697814941e-01
4.636392891407012939e-01
4.162447750568389893e-01
3.724790215492248535e-01
6.191710829734802246e-01
7.523989677429199219e-01
4.468576908111572266e-01
5.557957887649536133e-01
2.203899919986724854e-01
5.245396494865417480e-01
6.070066690444946289e-01
4.655238687992095947e-01
5.718535184860229492e-01
4.162206053733825684e-01
2.967826426029205322e-01
3.811975717544555664e-01
5.156630873680114746e-01
4.589188992977142334e-01
4.810159504413604736e-01
4.703551828861236572e-01
4.381956756114959717e-01
4.553076326847076416e-01
5.412914752960205078e-01
3.727957308292388916e-01
5.426186919212341309e-01
3.829297721385955811e-01
5.045918226242065430e-01
4.063962101936340332e-01
4.239039123058319092e-01
5.907675027847290039e-01
4.055859446525573730e-01
5.118856430053710938e-01
3.494588136672973633e-01
4.349812567234039307e-01
4.372035562992095947e-01
5.084461569786071777e-01
3.308426737785339355e-01
4.809332787990570068e-01
3.533420264720916748e-01
4.727051258087158203e-01
3.452488183975219727e-01
4.726835489273071289e-01
4.954659938812255859e-01
5.301361680030822754e-01
7.363435626029968262e-01
4.455478787422180176e-01
3.638134300708770752e-01
4.687852263450622559e-01
6.123718023300170898e-01
3.634425997734069824e-01
5.164101719856262207e-01
5.444751381874084473e-01
3.151144981384277344e-01
4.362625479698181152e-01
4.895290136337280273e-01
4.884518086910247803e-01
4.847908914089202881e-01
3.823463916778564453e-01
4.600495398044586182e-01
3.590935766696929932e-01
4.298674166202545166e-01
6.770839095115661621e-01
3.675175905227661133e-01
5.575038194656372070e-01
2.381951212882995605e-01
4.696772694587707520e-01
5.632976293563842773e-01
4.122191071510314941e-01
3.809969723224639893e-01
4.476359188556671143e-01
2.673365473747253418e-01
6.760217547416687012e-01
4.834824502468109131e-01
5.761417746543884277e-01
4.132273197174072266e-01
4.021956324577331543e-01
6.181704998016357422e-01
5.259428024291992188e-01
3.641999363899230957e-01
3.334940671920776367e-01
4.701610505580902100e-01
2.660452127456665039e-01
2.774993479251861572e-01
3.337507545948028564e-01
4.842228889465332031e-01
3.841302692890167236e-01
3.506260216236114502e-01
5.806374549865722656e-01
7.168953418731689453e-01
3.571358919143676758e-01
3.876377344131469727e-01
5.320067405700683594e-01
4.065581262111663818e-01
5.201852321624755859e-01
3.338608741760253906e-01
6.130816936492919922e-01
4.015384316444396973e-01
5.299267172813415527e-01
4.154758751392364502e-01
6.843696236610412598e-01
4.890958964824676514e-01
3.976921141147613525e-01
3.433909416198730469e-01
4.206583797931671143e-01
5.075033307075500488e-01
4.211633503437042236e-01
4.026910960674285889e-01
4.175392985343933105e-01
2.877591848373413086e-01
2.374987304210662842e-01
5.384811758995056152e-01
4.070469141006469727e-01
5.258951783180236816e-01
4.245095252990722656e-01
4.953663945198059082e-01
2.147613614797592163e-01
4.357163310050964355e-01
6.472689509391784668e-01
4.553337097167968750e-01
2.791303992271423340e-01
4.277436435222625732e-01
3.494688570499420166e-01
4.034608602523803711e-01
3.932759761810302734e-01
4.049855172634124756e-01
3.395749032497406006e-01
4.321855008602142334e-01
3.537779152393341064e-01
5.491394996643066406e-01
5.065488219261169434e-01
5.222758650779724121e-01
4.597187936305999756e-01
3.796536624431610107e-01
4.905381500720977783e-01
4.297574162483215332e-01
3.013665080070495605e-01
4.645546972751617432e-01
3.535657525062561035e-01
4.136092960834503174e-01
4.842487275600433350e-01
3.291499912738800049e-01
5.010877251625061035e-01
4.742531180381774902e-01
5.494399070739746094e-01
6.049335598945617676e-01
4.627937674522399902e-01
4.798975884914398193e-01
4.503138661384582520e-01
5.097453594207763672e-01
3.295383155345916748e-01
4.537320137023925781e-01
5.553531646728515625e-01
5.223284959793090820e-01
4.731726646423339844e-01
5.385224819183349609e-01
4.467823207378387451e-01
4.207328557968139648e-01
4.066584110260009766e-01
5.203062891960144043e-01
5.870833396911621094e-01
3.681977987289428711e-01
2.662214934825897217e-01
5.608979463577270508e-01
3.659441173076629639e-01
4.015494883060455322e-01
5.099856853485107422e-01
3.641971945762634277e-01
4.935672879219055176e-01
5.573901534080505371e-01
2.882059514522552490e-01
4.289743602275848389e-01
4.400832951068878174e-01
3.791814446449279785e-01
1.933996379375457764e-01
5.144177675247192383e-01
6.616493463516235352e-01
8.758117556571960449e-01
3.757729828357696533e-01
4.496800899505615234e-01
2.751978039741516113e-01
4.229915738105773926e-01
4.981488287448883057e-01
3.766362965106964111e-01
4.321075379848480225e-01
4.530569612979888916e-01
4.118794798851013184e-01
5.057312846183776855e-01
4.783806800842285156e-01
4.914194941520690918e-01
4.130316078662872314e-01
5.373266935348510742e-01
4.354983270168304443e-01
5.703196525573730469e-01
4.972800910472869873e-01
4.952183067798614502e-01
5.083333849906921387e-01
4.577106833457946777e-01
5.092143416404724121e-01
4.689557850360870361e-01
4.317006170749664307e-01
4.876121282577514648e-01
1.840565800666809082e-01
3.883650004863739014e-01
3.354695737361907959e-01
4.745844602584838867e-01
3.515934348106384277e-01
